$SPEC_ID:
No sample description was entered.
$SPEC_REM:
DET# 2
DETDESC# JLAB-18 MCB 131
AP# Maestro Version 7.01
$DATE_MEA:
12/05/2022 17:14:02
$MEAS_TIM:
682 687
$DATA:
0 2047
       0
       0
       0
       0
       0
       0
       0
       0
       0
       0
       0
       0
       0
       0
       0
       0
       0
       0
       0
       0
       0
       0
       0
       0
       0
       0
       0
       0
       0
       0
       0
       0
       0
       0
       0
       0
       0
       0
       0
       0
       0
       0
       0
       0
       0
       0
       0
       0
       0
       0
       0
       0
       0
       0
       0
       0
       0
       0
       0
       0
       0
       0
       0
       0
       0
       0
       0
       0
       0
       0
       0
       0
       0
       0
       0
       0
       0
       0
       0
       0
       0
       0
       0
       0
       0
       0
       0
       0
       0
       0
       0
       0
       0
       0
       0
       0
       0
       0
       0
       0
       0
       0
       0
       0
       0
       0
       0
       0
       0
       0
       0
       1
       2
       1
       3
       0
       0
       0
       0
       0
       1
       0
       0
       0
       3
       1
       2
       2
       0
       0
       2
       0
       1
       3
       1
       2
       1
       2
       0
       1
       0
       1
       0
       2
       0
       0
       1
       1
       0
       0
       2
       2
       2
       4
       2
       0
       0
       1
       1
       1
       0
       1
       0
       0
       0
       1
       0
       0
       0
       0
       1
       1
       0
       3
       0
       0
       0
       1
       0
       1
       0
       0
       2
       0
       0
       1
       0
       3
       0
       1
       0
       2
       1
       0
       1
       1
       1
       2
       0
       1
       0
       1
       1
       0
       0
       0
       1
       1
       0
       1
       0
       0
       1
       0
       0
       1
       1
       0
       2
       1
       1
       0
       1
       2
       0
       0
       0
       0
       1
       1
       2
       2
       1
       1
       0
       0
       0
       1
       2
       0
       1
       0
       2
       1
       2
       1
       1
       0
       0
       1
       1
       2
       1
       0
       1
       1
       0
       1
       1
       0
       1
       0
       2
       0
       1
       0
       2
       0
       1
       1
       1
       0
       0
       0
       1
       2
       0
       1
       0
       1
       1
       0
       0
       0
       0
       1
       2
       1
       0
       1
       0
       0
       0
       1
       0
       0
       0
       3
       3
       2
       1
       0
       1
       1
       2
       1
       0
       2
       0
       3
       1
       2
       1
       2
       2
       3
       0
       1
       0
       0
       1
       0
       0
       1
       2
       0
       1
       2
       0
       1
       1
       0
       1
       1
       0
       0
       0
       0
       3
       0
       3
       0
       0
       0
       3
       1
       1
       0
       1
       1
       1
       2
       0
       0
       1
       0
       1
       1
       0
       0
       1
       2
       0
       1
       0
       1
       2
       0
       0
       3
       0
       2
       2
       1
       0
       0
       0
       2
       1
       2
       0
       2
       1
       3
       1
       0
       1
       0
       5
       2
       0
       0
       1
       1
       0
       2
       0
       4
       2
       1
       1
       1
       1
       1
       1
       1
       1
       1
       0
       1
       1
       1
       0
       2
       0
       0
       3
       0
       1
       1
       0
       3
       2
       0
       0
       2
       1
       1
       2
       1
       1
       0
       1
       1
       2
       1
       0
       1
       0
       0
       2
       0
       1
       1
       0
       0
       0
       0
       1
       2
       1
       2
       1
       2
       1
       1
       1
       1
       1
       1
       1
       2
       1
       3
       1
       3
       3
       2
       1
       2
       2
       2
       4
       1
       1
       2
       2
       3
       0
       5
       2
       0
       2
       3
       0
       2
       2
       0
       1
       0
       3
       1
       2
       1
       1
       2
       0
       3
       2
       5
       3
       3
       4
       3
       3
       5
       2
       1
       1
       5
       2
       4
       2
       2
       3
       1
       1
       2
       3
       4
       0
       6
       6
       4
       2
       4
       1
       3
       5
       3
       3
       1
       0
       6
       3
       5
       2
       2
       5
       2
       1
       5
       3
       1
       4
       4
       4
       4
       1
       2
       4
       4
       5
       5
       8
       4
       2
       3
       5
       4
       5
       3
       3
       4
       2
       2
       5
       3
       3
       3
       5
       4
       9
       5
       4
       1
       4
       4
       5
       4
       6
       3
       5
       6
       5
       3
       5
       5
       6
       9
       8
       5
       4
       5
       7
       6
       3
       5
       7
       5
       6
       7
      10
      10
       6
       8
       6
       7
       4
       7
       7
       7
      10
       5
       8
       9
       8
       9
       3
       8
      12
       7
      12
       8
       7
       9
       9
       8
       7
      10
      11
       3
       4
      11
       6
       7
       6
      11
      12
      12
       7
       7
       8
       8
       8
      17
      10
      14
      12
       9
      10
      15
       9
      18
      17
      18
      17
      16
      19
      13
      12
      14
      13
      17
      12
      14
      17
      12
      12
      13
      12
      16
      18
      17
      16
      21
      13
      12
      20
      16
      20
      18
      23
      22
      18
      18
      22
      21
      14
      20
      29
      18
      23
      27
      16
      17
      19
      22
      22
      19
      31
      20
      21
      30
      22
      14
      27
      29
      18
      36
      22
      37
      44
      32
      26
      25
      34
      24
      34
      24
      33
      42
      30
      37
      32
      43
      41
      32
      35
      35
      35
      29
      44
      41
      44
      48
      35
      38
      38
      43
      33
      38
      39
      33
      43
      40
      47
      45
      37
      37
      40
      42
      52
      54
      55
      54
      48
      44
      54
      49
      52
      47
      53
      50
      47
      54
      45
      51
      58
      54
      53
      61
      49
      66
      66
      61
      57
      68
      59
      62
      73
      63
      74
      74
      64
      80
      65
      67
      60
      68
      80
      62
      79
      77
      70
      64
      68
      61
      77
      70
      85
      86
      85
      81
      81
      65
      84
      75
      83
     102
      84
      78
      72
      83
      96
      78
      80
      84
      84
      94
      85
      88
      86
      83
      91
      89
      91
      99
     109
      94
      79
      86
      91
      98
     104
      81
      72
      73
      91
      94
      93
      92
      99
     105
      85
      86
      89
      91
     100
      86
      85
      98
      97
      94
      89
      79
     103
      91
      81
     104
     121
     105
     125
      92
      97
      85
     106
     103
     106
     106
      93
      98
      95
      93
     103
     109
      89
     105
      81
      82
      94
      86
      92
      96
      86
      93
      87
     107
      87
     105
      91
     128
     111
     107
      95
     103
     112
      93
      93
     100
     105
      95
      89
      97
      99
      92
      77
     104
      98
     103
      75
      97
      91
      83
      91
      86
      88
      92
      94
      78
      92
      91
     112
      82
      90
      77
      78
      70
      80
      82
      78
      79
      86
      76
      77
      83
      66
      64
      67
      64
      65
      67
      62
      67
      58
      69
      77
      57
      62
      79
      57
      44
      65
      48
      55
      56
      33
      52
      53
      49
      36
      54
      55
      49
      56
      46
      42
      43
      37
      44
      41
      44
      54
      47
      42
      47
      61
      31
      38
      28
      32
      45
      42
      41
      27
      37
      36
      36
      18
      27
      34
      35
      32
      27
      33
      30
      15
      25
      20
      18
      30
      22
      18
      14
      20
      17
      16
      19
      23
      20
      18
      15
      17
      16
      12
      23
      14
      19
      15
      13
      17
      12
      13
      14
       8
      12
      16
      12
      12
      11
       5
      10
      13
      14
       6
      13
      13
       7
      13
      11
      11
      10
       7
       4
       5
       7
       6
       5
       7
       6
       6
       7
       5
       7
       7
       3
       2
       7
       4
       7
       6
       6
       3
       2
       2
       3
       1
       3
       1
       2
       4
       2
       2
       2
       4
       3
       3
       3
       0
       1
       3
       1
       3
       2
       2
       2
       0
       0
       3
       1
       1
       1
       0
       2
       1
       1
       1
       0
       1
       0
       1
       0
       2
       2
       1
       0
       2
       1
       1
       2
       1
       0
       1
       0
       1
       0
       0
       1
       0
       0
       1
       0
       1
       1
       0
       1
       0
       0
       1
       1
       0
       0
       0
       0
       0
       0
       0
       1
       0
       0
       0
       0
       0
       1
       1
       0
       0
       1
       2
       1
       1
       0
       0
       0
       0
       0
       1
       0
       0
       1
       0
       0
       0
       0
       0
       0
       0
       0
       0
       1
       0
       0
       1
       1
       0
       0
       1
       1
       0
       0
       0
       0
       1
       0
       0
       0
       0
       1
       0
       0
       0
       0
       0
       0
       0
       0
       0
       0
       0
       0
       0
       0
       0
       0
       0
       0
       0
       0
       0
       0
       0
       0
       1
       0
       0
       0
       0
       0
       0
       0
       0
       0
       0
       0
       0
       0
       0
       0
       0
       0
       1
       0
       0
       0
       0
       0
       0
       0
       0
       0
       0
       0
       0
       0
       0
       0
       0
       0
       0
       0
       0
       0
       0
       0
       0
       0
       0
       0
       0
       0
       0
       0
       0
       0
       0
       0
       0
       0
       0
       0
       0
       0
       0
       0
       0
       0
       0
       0
       0
       0
       0
       0
       0
       0
       0
       0
       0
       0
       0
       0
       0
       0
       0
       0
       0
       0
       0
       0
       0
       0
       0
       0
       0
       0
       0
       0
       0
       0
       0
       0
       0
       0
       0
       0
       0
       0
       0
       0
       0
       0
       0
       0
       0
       0
       0
       0
       0
       0
       0
       0
       0
       0
       0
       0
       0
       0
       0
       0
       0
       0
       0
       0
       0
       0
       0
       0
       0
       0
       0
       0
       0
       0
       0
       0
       0
       0
       0
       0
       0
       0
       0
       0
       0
       0
       0
       0
       0
       1
       0
       0
       0
       0
       0
       0
       0
       0
       0
       0
       0
       0
       0
       0
       0
       0
       0
       0
       0
       0
       0
       0
       0
       0
       0
       0
       0
       0
       0
       0
       0
       0
       0
       0
       0
       0
       0
       0
       0
       0
       0
       0
       0
       0
       0
       0
       0
       0
       0
       0
       0
       0
       0
       0
       0
       0
       0
       0
       0
       0
       0
       0
       0
       0
       0
       0
       0
       0
       0
       0
       0
       0
       0
       0
       0
       0
       0
       0
       0
       0
       0
       0
       0
       0
       0
       0
       0
       0
       0
       0
       0
       0
       0
       0
       0
       0
       0
       0
       0
       0
       0
       0
       0
       0
       0
       0
       0
       0
       0
       0
       0
       0
       0
       0
       0
       0
       0
       0
       0
       0
       0
       0
       0
       0
       0
       0
       0
       0
       0
       0
       0
       0
       0
       0
       0
       0
       0
       0
       0
       0
       0
       0
       0
       0
       0
       0
       0
       0
       0
       0
       0
       0
       0
       0
       0
       0
       0
       0
       0
       0
       0
       0
       0
       0
       0
       0
       0
       0
       0
       0
       0
       0
       0
       0
       0
       0
       0
       0
       0
       0
       0
       0
       0
       0
       0
       0
       0
       0
       0
       0
       0
       0
       0
       0
       0
       0
       0
       0
       0
       0
       0
       0
       0
       0
       0
       0
       0
       0
       0
       0
       0
       0
       0
       0
       0
       0
       0
       0
       0
       0
       0
       0
       0
       0
       0
       0
       0
       0
       0
       0
       0
       0
       0
       0
       0
       0
       0
       0
       0
       0
       0
       0
       0
       0
       0
       0
       0
       0
       0
       0
       0
       0
       0
       0
       0
       0
       0
       0
       0
       0
       0
       0
       0
       0
       0
       0
       0
       0
       0
       0
       0
       0
       0
       0
       0
       0
       0
       0
       0
       0
       0
       0
       0
       0
       0
       0
       0
       0
       0
       0
       0
       0
       0
       0
       0
       0
       0
       0
       0
       0
       0
       0
       0
       0
       0
       0
       0
       0
       0
       0
       0
       0
       0
       0
       0
       0
       0
       0
       0
       0
       0
       0
       0
       0
       0
       0
       0
       0
       0
       0
       0
       0
       0
       0
       0
       0
       0
       0
       0
       0
       0
       0
       0
       0
       0
       0
       0
       0
       0
       0
       0
       0
       0
       0
       0
       0
       0
       0
       0
       0
       0
       0
       0
       0
       0
       0
       0
       0
       0
       0
       0
       0
       0
       0
       0
       0
       0
       0
       0
       0
       0
       0
       0
       0
       0
       0
       0
       0
       0
       0
       0
       0
       0
       0
       0
       0
       0
       0
       0
       0
       0
       0
       0
       0
       0
       0
       0
       0
       0
       0
       0
       0
       0
       0
       0
       0
       0
       0
       0
       0
       0
       0
       0
       0
       0
       0
       0
       0
       0
       0
       0
       0
       0
       0
       0
       0
       0
       0
       0
       0
       0
       0
       0
       0
       0
       0
       0
       0
       0
       0
       0
       0
       0
       0
       0
       0
       0
       0
       0
       0
       0
       0
       0
       0
       0
       1
       0
       0
       0
       0
       0
       0
       0
       0
       0
       0
       0
       0
       0
       0
       0
       0
       0
       0
       0
       0
       0
       0
       0
       0
       0
       0
       0
       0
       0
       0
       0
       0
       0
       0
       0
       0
       0
       0
       0
       0
       0
       0
       0
       0
       0
       0
       0
       0
       0
       0
       0
       0
       0
       0
       0
       0
       0
       0
       0
       0
       0
       0
       0
       0
       0
       0
       0
       0
       0
       0
       0
       0
       0
       0
       0
       0
       0
       0
       0
       0
       0
       0
       0
       0
       0
       0
       0
       0
       0
       0
       0
       0
       0
       0
       0
       0
       0
       0
       0
       0
       0
       0
       0
       0
       0
       0
       0
       0
       0
       0
       0
       0
       0
       0
       0
       0
       0
       0
       0
       0
       0
       0
       0
       0
       0
       0
       0
       0
       0
       0
       0
       0
       0
       0
       0
       0
       0
       0
       0
       0
       0
       0
       0
       0
       0
       0
       0
       0
       0
       0
       0
       0
       0
       0
       0
       0
       0
       0
       0
       0
       0
       0
       0
       0
       0
       0
       0
       0
       0
       0
       0
       0
       0
       0
       0
       0
       0
       0
       0
       0
       0
       0
       0
       0
       0
       0
       0
       0
       0
       0
       0
       0
       0
       0
       0
       0
       0
       0
       0
       0
       0
       0
       0
       0
       0
       0
       0
       0
       0
       0
       0
       0
       0
       0
$ROI:
1
49 1635
$PRESETS:
None
0
0
$ENER_FIT:
0.000000 3.492040
$MCA_CAL:
3
0.000000E+000 3.492040E+000 0.000000E+000 keV
$SHAPE_CAL:
3
1.303160E+002 0.000000E+000 0.000000E+000
