$SPEC_ID:
No sample description was entered.
$SPEC_REM:
DET# 2
DETDESC# JLAB-18 MCB 131
AP# Maestro Version 7.01
$DATE_MEA:
12/05/2022 16:15:14
$MEAS_TIM:
458 461
$DATA:
0 2047
       0
       0
       0
       0
       0
       0
       0
       0
       0
       0
       0
       0
       0
       0
       0
       0
       0
       0
       0
       0
       0
       0
       0
       0
       0
       0
       0
       0
       0
       0
       0
       0
       0
       0
       0
       0
       0
       0
       0
       0
       0
       0
       0
       0
       0
       0
       0
       0
       0
       0
       0
       0
       0
       0
       0
       0
       0
       0
       0
       0
       0
       0
       0
       0
       0
       0
       0
       0
       0
       0
       0
       0
       0
       0
       0
       0
       0
       0
       0
       0
       0
       0
       0
       0
       0
       0
       0
       0
       0
       0
       0
       0
       0
       0
       0
       0
       0
       0
       0
       0
       0
       0
       0
       0
       0
       0
       0
       0
       0
       0
       0
       2
       0
       3
       2
       2
       1
       1
       1
       2
       0
       0
       0
       1
       0
       0
       1
       0
       3
       1
       0
       0
       1
       0
       1
       1
       0
       1
       0
       1
       1
       0
       1
       0
       0
       0
       3
       0
       0
       0
       2
       0
       0
       1
       2
       0
       1
       0
       2
       4
       2
       0
       0
       2
       1
       0
       0
       1
       1
       0
       0
       1
       2
       1
       0
       0
       2
       1
       1
       0
       0
       1
       0
       1
       0
       0
       2
       0
       0
       0
       0
       0
       0
       1
       1
       0
       1
       1
       2
       0
       2
       2
       0
       1
       0
       3
       1
       0
       0
       0
       3
       0
       1
       1
       0
       1
       1
       1
       0
       1
       1
       2
       0
       1
       0
       0
       0
       1
       0
       2
       1
       0
       0
       1
       0
       0
       0
       0
       0
       0
       2
       1
       0
       0
       1
       0
       1
       0
       0
       1
       1
       1
       1
       1
       1
       2
       1
       0
       1
       0
       0
       2
       0
       0
       0
       1
       1
       3
       1
       2
       2
       0
       1
       0
       0
       1
       0
       0
       0
       0
       0
       2
       0
       0
       0
       0
       1
       0
       1
       0
       2
       2
       0
       1
       0
       0
       0
       0
       1
       0
       1
       0
       1
       0
       1
       1
       1
       1
       0
       1
       1
       0
       1
       4
       2
       0
       0
       1
       1
       2
       0
       0
       1
       1
       2
       1
       0
       0
       1
       1
       0
       0
       1
       1
       0
       2
       3
       1
       0
       0
       1
       0
       0
       3
       1
       1
       1
       0
       1
       0
       1
       0
       2
       1
       1
       0
       1
       0
       0
       2
       1
       1
       1
       0
       0
       0
       0
       0
       0
       0
       0
       0
       0
       0
       1
       1
       1
       0
       0
       2
       2
       0
       0
       2
       1
       1
       0
       0
       1
       0
       2
       0
       2
       0
       2
       0
       1
       2
       0
       3
       2
       2
       2
       3
       1
       1
       0
       3
       1
       0
       2
       1
       1
       0
       3
       0
       1
       1
       2
       1
       0
       2
       1
       0
       2
       0
       1
       3
       1
       2
       0
       0
       2
       1
       0
       1
       1
       1
       0
       1
       0
       1
       1
       0
       0
       2
       0
       2
       1
       3
       1
       2
       2
       0
       1
       1
       1
       2
       0
       1
       2
       0
       2
       0
       2
       2
       0
       2
       1
       1
       0
       4
       0
       2
       2
       1
       0
       1
       2
       4
       1
       3
       0
       2
       1
       2
       2
       1
       2
       2
       0
       3
       0
       3
       3
       2
       0
       1
       3
       2
       0
       0
       2
       2
       0
       2
       0
       3
       3
       1
       2
       3
       0
       0
       5
       1
       1
       2
       0
       0
       4
       0
       0
       3
       2
       2
       1
       2
       1
       0
       2
       0
       1
       4
       2
       2
       4
       1
       4
       2
       2
       1
       2
       3
       3
       4
       2
       2
       5
       4
       1
       2
       3
       0
       3
       2
       3
       3
       3
       1
       3
       0
       1
       0
       2
       1
       5
       6
       5
       5
       2
       0
       6
       3
       2
       5
       8
       2
       1
       1
       4
       2
       5
       3
       5
       5
       0
       3
       1
       4
       1
       4
       1
       5
       7
       4
       8
       4
       2
       6
       5
       2
       4
       4
       6
       8
       5
       4
       5
       4
       5
       4
       7
       7
       7
       3
       2
       2
       6
       4
       3
       5
       4
       6
       5
       1
       7
       9
       5
       4
      11
       4
       2
      13
       6
       7
       7
       2
       7
      11
      10
       9
       7
       8
       4
       7
       6
       4
       7
       7
       9
       5
      12
      12
       4
      10
      10
       9
       8
       5
       8
       5
       4
      10
      13
       6
      13
      12
      12
      12
      15
      13
      17
      18
      14
      10
      10
       8
       8
      10
       9
      17
      13
      16
      14
      20
      10
      12
      17
      11
       9
      10
       9
      12
      17
      21
      18
       9
      18
      10
      19
      17
      12
      20
      17
      17
      20
      18
      15
      23
      13
      18
      19
      26
      19
      16
      20
      16
      18
      22
      22
      21
      13
      33
      24
      23
      21
      15
      30
      21
      23
      25
      23
      41
      27
      28
      15
      29
      35
      24
      34
      33
      28
      26
      27
      31
      30
      34
      35
      38
      43
      32
      30
      23
      29
      29
      38
      37
      35
      36
      35
      44
      31
      32
      32
      41
      33
      37
      36
      55
      33
      35
      48
      26
      38
      40
      44
      42
      42
      42
      36
      36
      40
      55
      37
      41
      49
      45
      46
      48
      45
      51
      41
      34
      48
      36
      55
      57
      49
      63
      35
      45
      56
      52
      50
      47
      50
      48
      58
      59
      66
      69
      58
      54
      64
      68
      49
      58
      53
      53
      61
      58
      52
      63
      60
      68
      85
      69
      75
      59
      72
      69
      66
      90
      70
      75
      63
      81
      66
      59
      76
      75
      48
      74
      77
      61
      75
      66
      76
      67
      66
      57
      76
      61
      70
      77
      77
      60
      70
      78
      89
      81
      80
      79
      74
      82
      78
      78
      68
      83
      92
      85
      91
      67
      94
      83
      75
      87
      89
      65
      83
      76
      77
      86
      98
      84
      72
      75
      94
      72
     100
      76
      82
      77
      93
      67
      78
      87
      81
      89
      88
      86
     102
      85
      79
      80
      84
      77
      74
      86
      74
      81
      80
      86
      74
      66
      62
      77
      72
      98
      79
      90
      79
      76
      72
      65
      76
      62
      64
      69
      78
      69
      62
      74
      78
      73
      95
      81
      69
      64
      77
      64
      73
      72
      71
      62
      84
      73
      48
      64
      60
      67
      51
      73
      62
      50
      51
      55
      64
      59
      51
      61
      60
      56
      47
      64
      62
      46
      49
      47
      50
      50
      64
      56
      48
      58
      45
      34
      31
      42
      38
      46
      49
      42
      40
      36
      38
      42
      37
      37
      30
      39
      39
      31
      33
      36
      33
      43
      35
      46
      34
      42
      38
      37
      31
      31
      22
      25
      35
      27
      31
      18
      23
      21
      27
      22
      22
      20
      21
      19
      26
      21
      22
      22
      15
      18
      11
      19
      21
      13
      22
      18
      18
      17
      18
      15
      14
       9
      12
      11
      12
      14
      16
      14
      12
      18
       7
       8
      10
      11
      10
       6
       6
       7
       8
       7
      10
       7
       4
       6
       9
      11
       5
       5
       9
       6
       6
       3
       7
       6
       4
       7
       1
       5
       0
       4
       4
       2
       4
       3
       3
       7
       3
       1
       6
       1
       0
       3
       2
       1
       2
       4
       2
       2
       4
       3
       2
       2
       0
       2
       0
       0
       2
       3
       3
       3
       1
       3
       1
       1
       1
       3
       2
       3
       2
       3
       3
       1
       1
       1
       1
       2
       1
       0
       1
       1
       1
       0
       2
       0
       1
       0
       1
       1
       0
       0
       0
       2
       2
       1
       2
       0
       0
       0
       0
       0
       1
       1
       0
       0
       1
       0
       0
       1
       0
       0
       0
       1
       0
       0
       1
       0
       1
       1
       0
       0
       3
       0
       0
       0
       0
       0
       0
       1
       0
       0
       0
       0
       1
       0
       0
       0
       0
       0
       1
       1
       0
       0
       0
       0
       0
       0
       0
       0
       0
       0
       1
       0
       0
       0
       0
       1
       0
       0
       0
       0
       0
       0
       0
       0
       0
       0
       0
       0
       0
       0
       0
       1
       0
       0
       0
       0
       0
       0
       0
       0
       1
       0
       0
       0
       1
       0
       0
       0
       0
       0
       0
       0
       0
       0
       0
       0
       0
       0
       0
       0
       0
       0
       0
       0
       0
       0
       0
       0
       1
       0
       0
       0
       0
       0
       0
       0
       0
       0
       0
       0
       0
       0
       0
       0
       0
       0
       0
       0
       0
       0
       0
       0
       0
       0
       0
       0
       0
       0
       0
       0
       0
       0
       0
       0
       0
       0
       0
       0
       0
       0
       0
       0
       0
       0
       1
       0
       0
       0
       0
       0
       0
       0
       0
       0
       0
       0
       0
       0
       0
       0
       0
       0
       0
       0
       0
       0
       0
       0
       0
       0
       0
       0
       0
       0
       0
       0
       0
       0
       0
       0
       0
       0
       0
       0
       0
       0
       0
       0
       0
       0
       0
       0
       0
       0
       0
       0
       0
       0
       0
       0
       0
       0
       0
       0
       0
       0
       0
       0
       0
       0
       0
       0
       0
       0
       0
       0
       0
       0
       0
       0
       0
       0
       0
       0
       0
       0
       0
       0
       0
       0
       0
       0
       0
       0
       0
       0
       0
       0
       0
       0
       0
       0
       0
       0
       0
       0
       0
       0
       0
       0
       0
       0
       0
       0
       0
       0
       0
       0
       0
       0
       0
       0
       0
       0
       0
       0
       0
       0
       0
       0
       0
       0
       0
       0
       0
       0
       0
       0
       0
       0
       0
       0
       0
       0
       0
       0
       0
       0
       0
       0
       0
       0
       0
       0
       0
       0
       0
       0
       0
       0
       0
       0
       0
       0
       0
       0
       0
       0
       0
       0
       0
       0
       0
       0
       0
       0
       0
       0
       0
       0
       0
       0
       0
       0
       0
       0
       0
       0
       0
       0
       0
       0
       0
       0
       0
       0
       0
       0
       0
       0
       0
       0
       0
       0
       0
       0
       0
       0
       0
       0
       0
       0
       0
       0
       0
       0
       0
       0
       0
       0
       0
       0
       0
       0
       0
       0
       0
       0
       0
       0
       0
       0
       0
       0
       0
       0
       0
       0
       0
       0
       0
       0
       0
       0
       0
       0
       0
       0
       0
       0
       0
       0
       0
       0
       0
       0
       0
       0
       0
       0
       0
       0
       0
       0
       0
       0
       0
       0
       0
       0
       0
       0
       0
       0
       0
       0
       0
       0
       0
       0
       0
       0
       0
       0
       0
       0
       0
       0
       0
       0
       0
       0
       0
       0
       0
       0
       0
       0
       0
       0
       0
       0
       0
       0
       0
       0
       0
       0
       0
       0
       0
       0
       0
       0
       0
       0
       0
       0
       0
       0
       0
       0
       0
       0
       0
       0
       0
       0
       0
       0
       0
       0
       0
       0
       0
       0
       0
       0
       0
       0
       0
       0
       0
       0
       0
       0
       0
       0
       0
       0
       0
       0
       0
       0
       0
       0
       0
       0
       0
       0
       0
       0
       0
       0
       0
       0
       0
       0
       0
       0
       0
       0
       0
       0
       0
       0
       0
       0
       0
       0
       0
       0
       0
       0
       0
       0
       0
       0
       0
       0
       0
       0
       0
       0
       0
       0
       0
       0
       0
       0
       0
       0
       0
       0
       0
       0
       0
       0
       0
       0
       0
       0
       0
       0
       0
       0
       0
       0
       0
       0
       0
       0
       0
       0
       0
       0
       0
       0
       0
       0
       0
       0
       0
       0
       0
       0
       0
       0
       0
       0
       0
       0
       0
       0
       0
       0
       0
       0
       0
       0
       0
       0
       0
       0
       0
       0
       0
       0
       0
       0
       0
       0
       0
       0
       0
       0
       0
       0
       0
       0
       0
       0
       0
       0
       0
       0
       0
       0
       0
       0
       0
       0
       0
       0
       0
       0
       0
       0
       0
       0
       0
       0
       0
       0
       0
       0
       0
       0
       0
       0
       0
       0
       0
       0
       0
       0
       0
       0
       0
       0
       0
       0
       0
       0
       0
       0
       0
       0
       0
       0
       0
       0
       0
       0
       0
       0
       0
       0
       0
       0
       0
       0
       0
       0
       0
       0
       0
       0
       0
       0
       0
       0
       0
       0
       0
       0
       0
       0
       0
       0
       0
       0
       0
       0
       0
       0
       0
       0
       0
       0
       0
       0
       0
       0
       0
       0
       0
       0
       0
       0
       0
       0
       0
       0
       0
       0
       0
       0
       0
       0
       0
       0
       0
       0
       0
       0
       0
       0
       0
       0
       0
       0
       0
       0
       0
       0
       0
       0
       0
       0
       0
       0
       0
       0
       0
       0
       0
       0
       0
       0
       0
       0
       0
       0
       0
       0
       0
       0
       0
       0
       0
       0
       0
       0
       0
       0
       0
       0
       0
       0
       0
       0
       0
       0
       0
       0
       0
       0
       0
       0
       0
       0
       0
       0
       0
       0
       0
       0
       0
       0
       0
       0
       0
       0
       0
       0
       0
       0
       0
       0
       0
       0
       0
       0
       0
       0
       0
       0
       0
       0
       0
       0
       0
       0
       0
       0
       0
       0
       0
       0
       0
       0
       0
       0
       0
       0
       0
       0
       0
       0
       0
       0
       0
       0
       0
       0
       0
       0
       0
       0
       0
       0
       0
       0
       0
       0
       0
       0
       0
       0
       0
       0
       0
       0
       0
       0
       0
       0
       0
       0
       0
       0
       0
       0
       0
       0
       0
       0
       0
       0
       0
       0
       0
       0
       0
       0
       0
       0
       0
       0
       0
       0
       0
       0
       0
       0
       0
       0
       0
       0
       0
       0
$ROI:
1
49 1635
$PRESETS:
None
0
0
$ENER_FIT:
0.000000 3.492040
$MCA_CAL:
3
0.000000E+000 3.492040E+000 0.000000E+000 keV
$SHAPE_CAL:
3
1.303160E+002 0.000000E+000 0.000000E+000
