$SPEC_ID:
No sample description was entered.
$SPEC_REM:
DET# 2
DETDESC# JLAB-18 MCB 131
AP# Maestro Version 7.01
$DATE_MEA:
12/05/2022 16:44:26
$MEAS_TIM:
755 767
$DATA:
0 2047
       0
       0
       0
       0
       0
       0
       0
       0
       0
       0
       0
       0
       0
       0
       0
       0
       0
       0
       0
       0
       0
       0
       0
       0
       0
       0
       0
       0
       0
       0
       0
       0
       0
       0
       0
       0
       0
       0
       0
       0
       0
       0
       0
       0
       0
       0
       0
       0
       0
       0
       0
       0
       0
       0
       0
       0
       0
       0
       0
       0
       0
       0
       0
       0
       0
       0
       0
       0
       0
       0
       0
       0
       0
       0
       0
       0
       0
       0
       0
       0
       0
       0
       0
       0
       0
       0
       0
       0
       0
       0
       0
       0
       0
       0
       0
       0
       0
       0
       0
       0
       0
       0
       0
       0
       0
       0
       1
       3
       2
       8
      12
      12
      14
      11
      10
       8
       6
       6
       3
       1
       4
       2
       1
       1
       2
       2
       5
       2
       1
       0
       3
       0
       3
       2
       2
       5
       3
       3
       0
       0
       0
       1
       2
       2
       2
       2
       0
       3
       3
       2
       3
       1
       2
       1
       1
       0
       2
       4
       1
       1
       3
       2
       0
       2
       2
       2
       4
       2
       2
       2
       1
       1
       1
       3
       3
       2
       1
       1
       2
       3
       3
       5
       3
       0
       3
       1
       0
       2
       2
       4
       1
       0
       1
       2
       0
       2
       1
       0
       1
       1
       1
       1
       0
       4
       1
       2
       4
       1
       0
       1
       3
       0
       2
       1
       1
       2
       2
       2
       1
       2
       0
       5
       4
       1
       1
       0
       5
       1
       2
       1
       3
       3
       2
       3
       3
       4
       1
       2
       3
       2
       5
       1
       6
       1
       2
       2
       2
       0
       4
       3
       3
       0
       2
       1
       3
       2
       0
       1
       2
       2
       5
       2
       3
       0
       6
       1
       0
       2
       4
       5
       4
       2
       2
       2
       5
       3
       3
       2
       2
       1
       1
       3
       5
       4
       5
       2
       3
       5
       3
       4
       4
       3
       6
       8
       3
       1
       3
       2
       5
       3
       2
       2
       4
       2
       4
       4
       2
       5
       4
       4
       4
       2
       2
       3
       4
       5
       4
       5
       8
       5
       3
       4
       5
       5
       3
       6
       4
       3
       2
       2
       2
       4
       6
       5
       6
       5
       6
       4
       3
       6
       5
       3
       4
       5
       7
       6
       5
       4
       8
       4
       5
       3
       4
       7
       6
       5
       7
       3
       9
       9
       6
       6
       7
       5
      10
      10
       4
       8
       8
       5
       8
       5
       7
      11
       9
       5
      10
      11
       9
      11
      11
      10
       6
      11
       7
      16
      15
       8
      13
       8
       9
      17
      12
      12
      10
      13
       9
      12
      13
       9
      18
      14
       9
       6
      18
      12
      17
      13
      15
      16
      12
      18
      21
       9
      25
      20
      12
      15
      17
      20
      17
      21
      19
      22
      20
      16
      23
      26
      18
      28
      27
      16
      23
      23
      28
      29
      21
      16
      23
      16
      34
      25
      34
      28
      29
      31
      31
      22
      34
      31
      23
      39
      42
      30
      48
      49
      35
      31
      26
      40
      28
      46
      44
      31
      48
      30
      41
      30
      49
      57
      59
      49
      40
      47
      60
      48
      34
      66
      52
      41
      60
      50
      60
      51
      53
      55
      65
      44
      51
      48
      57
      78
      74
      68
      78
      66
      51
      55
      74
      78
      92
      86
      83
      91
      72
      69
      66
      76
      75
      85
      91
      70
      92
      89
      80
     105
     100
     107
     108
      95
      76
      96
      86
      90
      97
     102
      91
     102
      98
      96
     115
     119
     113
      98
     127
     132
     127
     116
     110
     115
     118
     121
     124
     132
     125
     118
     113
     120
     116
     139
     119
     124
     139
     134
     131
     117
     138
     160
     119
     138
     141
     163
     146
     168
     139
     152
     133
     151
     178
     160
     139
     138
     157
     124
     143
     134
     165
     154
     138
     153
     127
     145
     165
     178
     162
     139
     164
     162
     153
     161
     160
     166
     155
     158
     147
     168
     140
     136
     152
     167
     153
     160
     157
     157
     165
     175
     161
     156
     154
     144
     147
     119
     166
     164
     141
     137
     137
     160
     136
     154
     139
     152
     162
     163
     163
     154
     121
     143
     153
     118
     140
     146
     163
     126
     144
     164
     138
     147
     128
     121
     134
     129
     137
     133
     137
     124
     131
     122
     127
     125
     118
     109
     101
     103
     117
     104
     129
     126
     107
      86
     108
      97
     109
      87
     102
      87
      83
     105
     115
      78
      94
      93
      91
      89
     100
      92
      82
      81
      80
      66
      74
      69
      60
      86
      70
      60
      56
      76
      49
      58
      61
      73
      72
      55
      67
      58
      68
      56
      58
      49
      59
      51
      43
      47
      49
      39
      43
      46
      35
      45
      37
      32
      42
      44
      26
      34
      35
      29
      30
      35
      30
      30
      44
      29
      21
      27
      24
      30
      22
      15
      24
      20
      28
      21
      11
      21
      14
      20
      18
      14
      17
      18
      20
      25
       4
      10
      18
      12
      16
      20
      11
       8
      14
       9
       4
       6
       9
      10
       6
      11
       9
       9
       4
       4
      11
      12
       2
       4
      10
       6
       5
       6
       5
       8
       3
       6
       5
       5
       4
       3
       4
       1
       6
       3
       3
       2
       2
       2
       0
       5
       6
       1
       4
       0
       1
       2
       2
       1
       3
       3
       4
       1
       4
       3
       1
       3
       4
       1
       1
       1
       0
       1
       0
       1
       0
       2
       1
       1
       2
       1
       1
       0
       3
       1
       0
       0
       0
       2
       0
       1
       1
       2
       0
       0
       0
       0
       0
       0
       0
       0
       2
       0
       0
       0
       0
       0
       0
       1
       1
       1
       0
       1
       0
       0
       0
       1
       0
       0
       0
       0
       1
       0
       2
       0
       0
       1
       0
       1
       1
       1
       0
       0
       0
       1
       0
       0
       2
       0
       1
       1
       0
       0
       0
       0
       0
       0
       0
       0
       0
       0
       0
       1
       0
       0
       0
       0
       0
       0
       0
       0
       1
       0
       0
       0
       0
       0
       0
       1
       0
       0
       0
       1
       0
       0
       0
       0
       1
       0
       0
       0
       0
       0
       0
       0
       0
       0
       0
       0
       0
       0
       0
       0
       0
       0
       0
       0
       0
       0
       0
       0
       0
       0
       0
       0
       0
       0
       0
       0
       0
       0
       0
       0
       0
       0
       0
       0
       0
       0
       0
       0
       0
       0
       0
       0
       0
       0
       0
       0
       0
       0
       0
       0
       0
       0
       0
       0
       0
       0
       1
       0
       0
       0
       0
       0
       0
       0
       0
       0
       0
       0
       0
       0
       0
       0
       0
       0
       0
       0
       0
       0
       0
       0
       0
       0
       0
       0
       0
       0
       0
       0
       0
       0
       0
       0
       0
       0
       0
       0
       0
       0
       0
       0
       0
       0
       0
       0
       0
       0
       0
       0
       0
       0
       0
       0
       0
       0
       0
       0
       0
       0
       0
       0
       0
       0
       0
       0
       0
       0
       0
       0
       0
       0
       0
       0
       0
       0
       0
       0
       0
       0
       0
       0
       0
       0
       0
       0
       0
       0
       0
       0
       0
       0
       0
       0
       0
       0
       0
       0
       0
       0
       0
       0
       0
       0
       0
       0
       0
       0
       0
       0
       0
       0
       0
       0
       0
       0
       0
       0
       0
       0
       0
       0
       0
       0
       0
       0
       0
       0
       0
       0
       0
       0
       0
       0
       0
       0
       0
       0
       0
       0
       0
       0
       0
       0
       0
       0
       0
       0
       0
       0
       0
       0
       0
       0
       0
       0
       0
       0
       0
       0
       0
       0
       0
       0
       0
       0
       0
       0
       0
       0
       0
       0
       0
       0
       0
       0
       0
       0
       0
       0
       0
       0
       0
       0
       0
       0
       0
       0
       0
       0
       0
       0
       0
       0
       0
       0
       0
       0
       0
       0
       0
       0
       0
       0
       0
       0
       0
       0
       0
       0
       0
       0
       0
       0
       0
       0
       0
       0
       0
       0
       0
       0
       0
       0
       0
       0
       0
       0
       0
       0
       0
       0
       0
       0
       0
       0
       0
       0
       0
       0
       0
       0
       0
       0
       0
       0
       0
       0
       1
       0
       0
       0
       0
       0
       0
       0
       0
       0
       0
       0
       0
       0
       0
       0
       0
       0
       0
       0
       0
       0
       0
       0
       0
       0
       0
       0
       0
       0
       0
       0
       0
       0
       0
       0
       0
       0
       0
       0
       0
       0
       0
       0
       0
       0
       0
       0
       0
       0
       0
       0
       0
       0
       0
       0
       0
       0
       0
       0
       0
       0
       0
       0
       0
       0
       0
       0
       0
       0
       0
       0
       0
       0
       0
       0
       0
       0
       0
       0
       0
       0
       0
       0
       0
       0
       0
       0
       0
       0
       0
       0
       0
       0
       0
       0
       0
       0
       0
       0
       0
       0
       0
       0
       0
       0
       0
       0
       0
       0
       0
       0
       0
       0
       0
       0
       0
       0
       0
       0
       0
       0
       0
       0
       0
       0
       0
       0
       0
       0
       0
       0
       0
       0
       0
       0
       0
       0
       0
       0
       0
       0
       0
       0
       0
       0
       0
       0
       0
       0
       0
       0
       0
       0
       0
       0
       0
       0
       0
       0
       0
       0
       0
       0
       0
       0
       0
       0
       0
       0
       0
       0
       0
       0
       0
       0
       0
       0
       0
       0
       0
       0
       0
       0
       0
       0
       0
       0
       0
       0
       0
       0
       0
       0
       0
       0
       0
       0
       0
       0
       0
       0
       0
       0
       0
       0
       0
       0
       0
       0
       0
       0
       0
       0
       0
       0
       0
       0
       0
       0
       0
       0
       0
       0
       0
       0
       0
       0
       0
       0
       0
       0
       0
       0
       0
       0
       0
       0
       0
       0
       0
       0
       0
       0
       0
       0
       0
       0
       0
       0
       0
       0
       0
       0
       0
       0
       0
       0
       0
       0
       0
       0
       0
       0
       0
       0
       0
       0
       0
       0
       0
       0
       0
       0
       0
       0
       0
       0
       0
       0
       0
       0
       0
       0
       0
       0
       0
       0
       0
       0
       0
       0
       0
       0
       0
       0
       0
       0
       0
       0
       0
       0
       0
       0
       0
       0
       0
       0
       0
       0
       0
       0
       0
       0
       0
       0
       0
       0
       0
       0
       0
       0
       0
       0
       0
       0
       0
       0
       0
       0
       0
       0
       0
       0
       0
       0
       0
       0
       0
       0
       0
       0
       0
       0
       0
       0
       0
       0
       0
       0
       0
       0
       0
       0
       0
       0
       0
       0
       0
       0
       0
       0
       0
       0
       0
       0
       0
       0
       0
       0
       0
       0
       0
       0
       0
       0
       0
       0
       0
       0
       0
       0
       0
       0
       0
       0
       0
       0
       0
       0
       0
       0
       0
       0
       0
       0
       0
       0
       0
       0
       0
       0
       0
       0
       0
       0
       0
       0
       0
       0
       0
       0
       0
       0
       0
       0
       0
       0
       0
       0
       0
       0
       0
       0
       0
       0
       0
       0
       0
       0
       0
       0
       0
       0
       0
       0
       0
       0
       0
       0
       0
       0
       0
       0
       0
       0
       0
       0
       0
       0
       0
       0
       0
       0
       0
       0
       0
       0
       0
       0
       0
       0
       0
       0
       0
       0
       0
       0
       0
       0
       0
       0
       0
       0
       0
       0
       0
       0
       0
       0
       0
       0
       0
       0
       0
       0
       0
       0
       0
       0
       0
       0
       0
       0
       0
       0
       0
       0
       0
       0
       0
       0
       0
       0
       0
       0
       0
       0
       0
       0
       0
       0
       0
       0
       0
       0
       0
       0
       0
       0
       0
       0
       0
       0
       0
       0
       0
       0
       0
       0
       0
       0
       0
       0
       0
       0
       0
       0
       0
       0
       0
       0
       0
       0
       0
       0
       0
       0
       0
       0
       0
       0
       0
       0
       0
       0
       0
       0
       0
       0
       0
       0
       0
       0
       0
       0
       0
       0
       0
       0
       0
       0
       0
       0
       0
       0
       0
       0
       0
       0
       0
       0
       0
       0
       0
       0
       0
       0
       0
       0
       0
       0
       0
       0
       0
       0
       0
       0
       0
       0
       0
       0
       0
       0
       0
       0
       0
       0
       0
       0
       0
       0
       0
       0
       0
       0
       0
       0
       0
       0
       0
       0
       0
       0
       0
       0
       0
       0
       0
       0
       0
       0
       0
       0
       0
       0
       0
       0
       0
       0
       0
       0
       0
       0
       0
       0
       0
       0
       0
       0
       0
       0
       0
       0
       0
       0
       0
       0
       0
       0
       0
       0
       0
       0
       0
       0
       0
       0
       0
       0
       0
       0
       0
       0
       0
       0
       0
       0
       0
       0
       0
       0
       0
       0
       0
       0
       0
       0
       0
       0
       0
       0
       0
       0
       0
       0
       0
       0
       0
       0
       0
       0
       0
       0
       0
       0
       0
       0
       0
       0
       0
       0
       0
       0
       0
       0
       0
       0
       0
       0
       0
       0
       0
       0
       0
       0
       0
       0
       0
       0
       0
       0
       0
       0
       0
       0
       0
       0
       0
       0
       0
       0
       0
       0
       0
       0
       0
       0
       0
       0
       0
       0
       0
       0
       0
       0
       0
       0
       0
       0
       0
       0
       0
       0
       0
       0
       0
       0
       0
       0
       0
       0
       0
       0
       0
       0
       0
       0
       0
       0
       0
       0
       0
       0
       0
       0
       0
       0
       0
       0
       0
       0
       0
       0
       0
       0
       0
       0
       0
       0
       0
       0
       0
       0
       0
       0
       0
       0
       0
       0
       0
       0
       0
       0
       0
       0
       0
       0
       0
       0
$ROI:
1
49 1635
$PRESETS:
None
0
0
$ENER_FIT:
0.000000 3.492040
$MCA_CAL:
3
0.000000E+000 3.492040E+000 0.000000E+000 keV
$SHAPE_CAL:
3
1.303160E+002 0.000000E+000 0.000000E+000
