$SPEC_ID:
No sample description was entered.
$SPEC_REM:
DET# 2
DETDESC# JLAB-18 MCB 131
AP# Maestro Version 7.01
$DATE_MEA:
12/05/2022 16:34:34
$MEAS_TIM:
512 515
$DATA:
0 2047
       0
       0
       0
       0
       0
       0
       0
       0
       0
       0
       0
       0
       0
       0
       0
       0
       0
       0
       0
       0
       0
       0
       0
       0
       0
       0
       0
       0
       0
       0
       0
       0
       0
       0
       0
       0
       0
       0
       0
       0
       0
       0
       0
       0
       0
       0
       0
       0
       0
       0
       0
       0
       0
       0
       0
       0
       0
       0
       0
       0
       0
       0
       0
       0
       0
       1
       0
       0
       0
       0
       0
       0
       0
       0
       0
       0
       0
       0
       0
       0
       0
       0
       0
       0
       0
       0
       0
       0
       0
       0
       0
       0
       0
       0
       0
       0
       0
       0
       0
       0
       0
       0
       0
       0
       0
       0
       0
       0
       0
       1
       1
       2
       0
       0
       3
       1
       4
       3
       3
       2
       2
       3
       4
       1
       3
       2
       3
       1
       1
       1
       4
       1
       1
       2
       2
       2
       3
       0
       2
       0
       2
       4
       3
       0
       1
       4
       1
       0
       1
       0
       1
       2
       4
       2
       3
       0
       1
       1
       3
       1
       3
       2
       5
       4
       1
       1
       2
       0
       2
       3
       3
       3
       4
       2
       1
       6
       5
       1
       1
       1
       3
       3
       5
       3
       2
       1
       3
       3
       4
       3
       0
       9
       4
       3
       4
       1
       4
       5
       2
       4
       6
       4
       5
       2
       5
       7
       7
       3
       7
       2
       3
       5
       6
       4
       7
       4
       6
       5
       3
       6
       3
       4
       5
       2
       2
       2
       6
       3
       9
       4
       4
       3
       7
       8
       3
       8
       6
       5
       8
       7
       5
       5
      12
       4
       5
       4
       6
       7
       3
       5
       4
       6
       8
       5
      10
       3
       7
       4
      11
       6
       7
       8
       4
       7
       8
       4
       5
      10
       4
       5
       4
       7
       9
      10
       7
       8
       6
       3
       9
       8
       9
       9
       6
       4
       7
       5
       5
       3
       6
      10
      11
      13
      13
      11
       6
       7
      10
       7
       8
      12
      12
      11
       8
      10
      10
       9
      11
       4
      10
       9
       9
       6
       8
       9
      12
       4
       9
      13
      10
      15
       8
      10
      10
      12
      11
      15
       5
      12
      13
      11
      10
      11
       9
      16
      14
      11
      13
      10
      11
      12
      15
      11
      12
      12
      13
       7
      15
      13
      12
      10
      12
      17
      11
      15
      18
      14
      11
      12
      11
      15
      20
      12
      17
      11
      23
      13
      20
      20
      16
      10
      14
      13
      10
      16
      15
       9
      14
      20
      16
      14
      16
       5
      26
      11
      13
      16
      18
      10
      21
      14
      18
      20
      18
      11
      18
      21
      15
      16
      19
      14
      22
      19
      10
      17
      15
      13
      19
      13
      13
      17
      18
      14
      24
      19
      20
      17
      23
      33
      21
      20
      15
      22
      25
      25
      19
      13
      19
      24
      21
      26
      19
      23
      17
      19
      21
      21
      31
      22
      21
      18
      11
      20
      26
      27
      24
      22
      19
      20
      24
      26
      15
      22
      31
      22
      16
      33
      24
      25
      24
      17
      21
      28
      20
      29
      28
      33
      30
      21
      26
      22
      23
      28
      24
      23
      35
      22
      22
      24
      24
      23
      32
      25
      20
      25
      22
      34
      23
      42
      15
      19
      27
      34
      25
      25
      23
      20
      21
      26
      33
      35
      24
      28
      30
      26
      31
      28
      17
      28
      34
      29
      25
      28
      23
      23
      19
      31
      28
      24
      22
      38
      30
      30
      28
      28
      23
      29
      27
      26
      28
      39
      26
      20
      30
      28
      40
      28
      26
      33
      29
      32
      27
      34
      25
      36
      30
      26
      29
      37
      26
      31
      18
      23
      26
      31
      30
      27
      32
      24
      31
      28
      35
      26
      25
      42
      30
      29
      16
      29
      37
      25
      26
      35
      31
      23
      28
      15
      35
      40
      16
      25
      29
      26
      36
      34
      26
      28
      31
      16
      30
      26
      27
      25
      26
      31
      19
      31
      26
      25
      26
      35
      25
      32
      15
      24
      20
      21
      28
      26
      13
      23
      27
      21
      24
      38
      18
      22
      23
      19
      25
      17
      24
      17
      27
      18
      20
      17
      23
      23
      19
      28
      20
      19
      21
      19
      20
      23
      25
      29
      17
      16
      22
      18
      16
       7
      24
      19
      11
      19
      14
      12
      17
      24
      18
      19
      17
      16
      14
      17
      15
      21
      21
      16
      27
      18
      14
      21
      13
      15
      13
      15
      13
      11
      13
      16
      11
      13
      13
      17
      17
      18
      14
      14
      18
      13
      10
      16
      17
      13
      18
      10
      12
      13
      12
       9
      14
      11
      10
      12
      11
       4
      10
      13
      12
      14
       4
       3
       3
       8
       8
       8
       6
       9
       8
      11
      10
       7
       5
       8
       5
       8
       9
       7
       6
       8
       6
       5
       8
       4
       9
       6
       7
       2
       5
       6
       7
       6
       5
       6
       3
       5
       9
       0
       5
       5
       3
       4
       9
       5
       1
       5
       5
       6
       4
       4
       3
       3
       4
       3
       1
       4
       4
       2
       3
       3
       2
       2
       1
       4
       2
       4
       2
       1
       4
       1
       2
       2
       3
       4
       6
       0
       2
       1
       1
       3
       1
       0
       3
       0
       2
       2
       0
       1
       4
       1
       3
       0
       0
       1
       0
       2
       1
       3
       0
       0
       0
       3
       2
       2
       1
       1
       0
       2
       1
       0
       0
       2
       1
       1
       1
       1
       1
       0
       0
       1
       0
       1
       0
       1
       0
       0
       0
       0
       0
       0
       1
       0
       1
       0
       0
       0
       0
       0
       0
       0
       0
       0
       0
       0
       0
       1
       2
       0
       0
       1
       0
       0
       1
       0
       0
       0
       0
       0
       0
       0
       0
       0
       0
       1
       0
       0
       0
       0
       0
       0
       0
       0
       0
       0
       0
       0
       0
       0
       0
       1
       0
       0
       0
       0
       0
       0
       0
       0
       1
       0
       0
       0
       0
       0
       0
       0
       0
       0
       0
       0
       1
       0
       0
       0
       0
       0
       0
       1
       0
       0
       0
       0
       0
       0
       0
       0
       0
       0
       0
       0
       0
       0
       0
       0
       0
       0
       0
       0
       0
       0
       0
       0
       0
       0
       0
       0
       0
       0
       0
       0
       0
       0
       0
       0
       0
       0
       0
       0
       0
       0
       0
       0
       0
       0
       0
       0
       1
       0
       0
       0
       0
       0
       0
       0
       0
       0
       0
       0
       0
       0
       0
       0
       0
       0
       0
       0
       0
       0
       0
       0
       0
       0
       0
       0
       0
       0
       0
       0
       0
       0
       0
       0
       0
       0
       0
       0
       0
       0
       0
       0
       0
       0
       0
       0
       0
       0
       0
       0
       0
       0
       0
       0
       0
       0
       0
       0
       0
       0
       0
       0
       0
       0
       0
       0
       0
       0
       0
       0
       0
       0
       0
       0
       0
       0
       0
       0
       0
       0
       0
       0
       0
       0
       0
       0
       0
       0
       0
       0
       0
       0
       0
       0
       0
       0
       0
       0
       0
       0
       0
       0
       0
       0
       0
       0
       0
       0
       0
       0
       0
       0
       0
       0
       0
       0
       0
       0
       0
       0
       0
       0
       0
       0
       0
       0
       0
       0
       0
       0
       0
       0
       0
       0
       0
       0
       0
       0
       0
       0
       0
       0
       0
       0
       0
       0
       0
       0
       0
       0
       0
       0
       0
       0
       0
       0
       0
       0
       0
       0
       0
       0
       0
       0
       0
       0
       0
       0
       0
       0
       0
       0
       0
       0
       0
       0
       0
       0
       0
       0
       0
       0
       0
       0
       0
       0
       0
       0
       0
       0
       0
       0
       0
       0
       0
       0
       0
       0
       0
       0
       0
       0
       0
       0
       0
       0
       0
       0
       1
       0
       0
       0
       0
       0
       0
       0
       0
       0
       0
       0
       0
       0
       0
       0
       0
       0
       0
       0
       0
       0
       0
       0
       0
       0
       0
       0
       0
       0
       0
       0
       0
       0
       0
       0
       0
       0
       0
       0
       0
       0
       0
       0
       0
       0
       0
       0
       0
       0
       0
       0
       0
       0
       0
       0
       0
       0
       0
       0
       0
       0
       0
       0
       0
       0
       0
       0
       0
       0
       0
       0
       0
       0
       0
       0
       0
       0
       0
       0
       0
       0
       0
       0
       0
       0
       0
       0
       0
       0
       0
       0
       0
       0
       0
       0
       0
       0
       0
       0
       0
       0
       0
       0
       0
       0
       0
       0
       0
       0
       0
       0
       0
       0
       0
       0
       0
       0
       0
       0
       0
       0
       0
       0
       0
       0
       0
       0
       0
       0
       0
       0
       0
       0
       0
       0
       0
       0
       0
       0
       0
       0
       0
       0
       0
       0
       0
       0
       0
       0
       0
       0
       0
       0
       0
       0
       0
       0
       0
       0
       0
       0
       0
       0
       0
       0
       0
       0
       0
       0
       0
       0
       0
       0
       0
       0
       0
       0
       0
       0
       0
       0
       0
       0
       0
       0
       0
       0
       0
       0
       0
       0
       0
       0
       0
       0
       0
       0
       0
       0
       0
       0
       0
       0
       0
       0
       0
       0
       0
       0
       0
       0
       0
       0
       0
       0
       0
       0
       0
       0
       0
       0
       0
       0
       0
       0
       0
       0
       0
       0
       0
       0
       0
       0
       0
       0
       0
       0
       0
       0
       0
       0
       0
       0
       0
       0
       0
       0
       0
       0
       0
       0
       0
       0
       0
       0
       0
       0
       0
       0
       0
       0
       0
       0
       0
       0
       0
       0
       0
       0
       0
       0
       0
       0
       0
       0
       0
       0
       0
       0
       0
       0
       0
       0
       0
       0
       0
       0
       0
       0
       0
       0
       0
       0
       0
       0
       0
       0
       0
       0
       0
       0
       0
       0
       0
       0
       0
       0
       0
       0
       0
       0
       0
       0
       0
       0
       0
       0
       0
       0
       0
       0
       0
       0
       0
       0
       0
       0
       0
       0
       0
       0
       0
       0
       0
       0
       0
       0
       0
       0
       0
       0
       0
       0
       0
       0
       0
       0
       0
       0
       0
       0
       0
       0
       0
       0
       0
       0
       0
       0
       0
       0
       0
       0
       0
       0
       0
       0
       0
       0
       0
       0
       0
       0
       0
       0
       0
       0
       0
       0
       0
       0
       0
       0
       0
       0
       0
       0
       0
       0
       0
       0
       0
       0
       0
       0
       0
       0
       0
       0
       0
       0
       0
       0
       0
       0
       0
       0
       0
       0
       0
       0
       0
       0
       0
       0
       0
       0
       0
       0
       0
       0
       0
       0
       0
       0
       0
       0
       0
       0
       0
       0
       0
       0
       0
       0
       0
       0
       0
       0
       0
       0
       0
       0
       0
       0
       0
       0
       0
       0
       0
       0
       0
       0
       0
       0
       0
       0
       0
       0
       0
       0
       0
       0
       0
       0
       0
       0
       0
       0
       0
       0
       0
       0
       0
       0
       0
       0
       0
       0
       0
       0
       0
       0
       0
       0
       0
       0
       0
       0
       0
       0
       0
       0
       0
       0
       0
       0
       0
       0
       0
       0
       0
       0
       0
       0
       0
       0
       0
       0
       0
       0
       0
       0
       0
       0
       0
       0
       0
       0
       0
       0
       0
       0
       0
       0
       0
       0
       0
       0
       0
       0
       0
       0
       0
       0
       0
       0
       0
       0
       0
       0
       0
       0
       0
       0
       0
       0
       0
       0
       0
       0
       0
       0
       0
       0
       0
       0
       0
       0
       0
       0
       0
       0
       0
       0
       0
       0
       0
       0
       0
       0
       0
       0
       0
       0
       0
       0
       0
       0
       0
       0
       0
       0
       0
       0
       0
       0
       0
       0
       0
       0
       0
       0
       0
       0
       0
       0
       0
       0
       0
       0
       0
       0
       0
       0
       0
       0
       0
       0
       0
       0
       0
       0
       0
       0
       0
       0
       0
       0
       0
       0
       0
       0
       0
       0
       0
       0
       0
       0
       0
       0
       0
       0
       0
       0
       0
       0
       0
       0
       0
       0
       0
       0
       0
       0
       0
       0
       0
       0
       0
       0
       0
       0
       0
       0
       0
       0
       0
       0
       0
       0
       0
       0
       0
       0
       0
       0
       0
       0
       0
       0
       0
       0
       0
       0
       0
       0
       0
       0
       0
       0
       0
       0
       0
       0
       0
       0
       0
       0
       0
       0
       0
       0
       0
       0
       0
       0
       0
       0
       0
       0
       0
       0
       0
       0
       0
       0
       0
       0
       0
       0
       0
       0
       0
       0
       0
       0
       0
       0
       0
       0
       0
       0
       0
       0
       0
       0
       0
       0
       0
       0
       0
       0
       0
       0
       0
       0
       0
       0
       0
       0
       0
       0
       0
       0
       0
       0
       0
       0
       0
       0
       0
       0
       0
       0
       0
       0
       0
       0
       0
       0
       0
       0
       0
       0
       0
       0
       0
       0
       0
       0
       0
       0
       0
       0
       0
       0
       0
       0
       0
       0
       0
       0
       0
       0
       0
       0
       0
       0
       0
       0
       0
       0
       0
       0
       0
       0
       0
       0
       0
       0
       0
       0
       0
       0
       0
       0
       0
       0
       0
       0
       0
       0
       0
       0
       0
       0
       0
       0
       0
       0
       0
       0
       0
       0
       0
       0
       0
       0
       0
       0
       0
       0
       0
       0
       0
       0
       0
       0
       0
       0
       0
       0
       0
       0
       0
       0
       0
       0
       0
       0
       0
       0
       0
       0
       0
       0
       0
       0
       0
       0
       0
       0
       0
       0
       0
       0
       0
       0
       0
       0
       0
       0
       0
       0
       0
       0
$ROI:
1
49 1635
$PRESETS:
None
0
0
$ENER_FIT:
0.000000 3.492040
$MCA_CAL:
3
0.000000E+000 3.492040E+000 0.000000E+000 keV
$SHAPE_CAL:
3
1.303160E+002 0.000000E+000 0.000000E+000
