$SPEC_ID:
No sample description was entered.
$SPEC_REM:
DET# 2
DETDESC# JLAB-18 MCB 131
AP# Maestro Version 7.01
$DATE_MEA:
12/05/2022 17:26:12
$MEAS_TIM:
754 759
$DATA:
0 2047
       0
       0
       0
       0
       0
       0
       0
       0
       0
       0
       0
       0
       0
       0
       0
       0
       0
       0
       0
       0
       0
       0
       0
       0
       0
       0
       0
       0
       0
       0
       0
       0
       0
       0
       0
       0
       0
       0
       0
       0
       0
       0
       0
       0
       0
       0
       0
       0
       0
       0
       0
       0
       0
       0
       0
       0
       0
       0
       0
       0
       0
       0
       0
       0
       0
       0
       0
       0
       0
       0
       0
       0
       0
       0
       0
       0
       0
       0
       0
       0
       0
       0
       0
       0
       0
       0
       0
       0
       0
       0
       0
       0
       0
       0
       0
       0
       0
       0
       0
       0
       0
       0
       0
       0
       0
       0
       0
       0
       0
       1
       2
       5
       0
       3
       2
       2
       3
       1
       3
       1
       4
       3
       1
       5
       1
       6
       3
       2
       2
       3
       1
       1
       0
       3
       1
       4
       1
       3
       4
       5
       1
       3
       5
       4
       3
       2
       4
       3
       4
       2
       5
       2
       3
       1
       5
       2
       4
       2
       5
       2
       4
       1
       1
       4
       4
       5
       1
       2
       4
       3
       5
       4
       6
       4
       3
       1
       9
       4
       4
       5
       6
       5
       5
       4
       5
       2
       8
       6
       6
       2
       7
       3
       3
       2
       3
       6
       5
       2
       5
       4
       8
       3
       6
       3
       1
       6
       4
       6
       2
       7
       5
       9
       4
       5
       5
       5
       1
       7
      11
       6
       5
       5
       8
       4
       3
       8
       8
       2
       3
      10
       6
       7
       5
       8
       8
       5
       5
       7
       4
       3
       4
       8
       5
       7
       7
      11
       7
       4
      10
       8
       9
       8
       8
       8
       9
       8
      13
       7
      10
       6
      10
       7
       6
      11
      12
       9
       7
      11
      16
       3
      10
      13
       6
      16
      10
       4
       6
      18
       9
      10
       8
       9
      10
       6
      10
      15
      14
       9
      12
       9
      12
       7
      14
       5
      12
      16
      13
      18
      14
      12
      11
       8
      11
      16
      16
      15
      17
      15
       9
      11
      10
      18
       8
      19
      11
      14
      11
       9
      12
      10
      13
      15
      10
      14
      10
      16
      10
      14
      19
       9
      16
      16
      13
      14
      15
      16
      15
      12
      16
      16
      14
      14
      11
      23
      10
      12
      15
      11
      18
      21
      16
      18
      18
      24
      20
      10
      19
      20
      19
      18
      17
      20
      18
      16
      13
      26
      22
      18
      22
      19
      15
      14
      24
      19
      22
      18
      21
      23
      22
      21
      14
      19
      24
      20
      26
      24
      33
      20
      23
      23
      21
      26
      32
      22
      24
      22
      28
      25
      22
      30
      19
      32
      23
      24
      22
      20
      32
      37
      30
      22
      22
      27
      26
      27
      29
      25
      28
      31
      32
      23
      28
      27
      25
      30
      32
      27
      40
      29
      20
      27
      29
      23
      31
      23
      29
      33
      32
      30
      35
      37
      35
      33
      43
      33
      30
      34
      31
      38
      27
      28
      32
      34
      34
      36
      29
      34
      40
      35
      33
      20
      36
      45
      31
      31
      30
      42
      36
      45
      33
      29
      33
      36
      36
      35
      42
      37
      30
      32
      27
      38
      31
      39
      29
      28
      31
      35
      32
      50
      36
      43
      31
      33
      34
      41
      40
      41
      46
      45
      29
      43
      39
      46
      32
      34
      33
      37
      46
      36
      38
      48
      42
      35
      35
      46
      39
      29
      36
      41
      41
      39
      39
      45
      34
      46
      50
      28
      42
      39
      43
      31
      42
      33
      39
      35
      37
      35
      38
      39
      34
      46
      50
      27
      40
      37
      39
      42
      35
      44
      37
      29
      42
      32
      46
      37
      32
      21
      30
      45
      42
      46
      46
      28
      42
      32
      41
      35
      33
      37
      39
      28
      42
      41
      28
      43
      33
      27
      36
      27
      38
      25
      33
      34
      25
      39
      29
      29
      41
      46
      29
      35
      32
      34
      35
      26
      30
      28
      29
      33
      26
      31
      21
      36
      37
      30
      27
      28
      44
      24
      24
      22
      18
      30
      23
      31
      31
      17
      34
      29
      23
      15
      20
      37
      23
      21
      24
      22
      21
      29
      17
      34
      30
      30
      26
      27
      18
      28
      36
      29
      24
      23
      23
      14
      16
      20
      18
      25
      21
      25
      13
      14
      22
      25
      17
      20
      17
      22
      22
      16
      21
      23
      16
      16
      16
      19
      25
      18
      29
      14
      20
      20
      11
      15
      28
      14
      14
      11
      13
       9
      19
      14
      13
      18
      20
      14
      14
       9
      12
       9
       8
      12
      11
      12
       9
      14
      14
      11
      11
      13
      10
       9
       7
      12
       6
      12
      15
      16
      12
       9
      14
       8
      10
      11
       8
       5
       8
       6
       7
       7
       5
       3
       8
       4
       6
       7
       5
       9
       7
       6
       6
       6
       6
       7
       3
       8
       5
       3
       2
       5
       5
       5
       4
       0
       7
       2
       4
       2
       3
       2
       1
       2
       6
       3
       0
       3
       3
       2
       4
       1
       4
       3
       5
       2
       4
       2
       2
       3
       1
       0
       1
       0
       2
       2
       2
       4
       1
       0
       1
       3
       0
       0
       2
       0
       2
       2
       4
       1
       1
       2
       0
       0
       0
       0
       1
       1
       1
       2
       1
       1
       2
       1
       0
       1
       1
       0
       1
       1
       2
       0
       1
       0
       2
       0
       0
       0
       0
       1
       0
       1
       0
       0
       0
       0
       0
       0
       1
       1
       0
       1
       2
       0
       0
       0
       0
       1
       0
       0
       0
       0
       1
       0
       0
       0
       0
       0
       0
       0
       0
       0
       0
       0
       0
       0
       0
       0
       0
       0
       0
       0
       0
       0
       0
       0
       0
       0
       0
       0
       0
       0
       0
       0
       0
       2
       0
       0
       0
       0
       1
       0
       0
       0
       0
       0
       0
       1
       0
       0
       0
       0
       0
       0
       1
       0
       0
       0
       0
       0
       0
       0
       0
       0
       0
       0
       0
       0
       0
       0
       0
       0
       0
       0
       0
       0
       0
       0
       0
       0
       0
       0
       0
       0
       0
       0
       0
       0
       0
       0
       0
       0
       0
       0
       0
       0
       0
       0
       0
       0
       0
       0
       0
       0
       0
       0
       0
       0
       0
       0
       0
       0
       0
       0
       0
       0
       0
       0
       0
       0
       0
       0
       0
       0
       1
       0
       0
       0
       0
       0
       0
       0
       0
       0
       0
       0
       0
       0
       0
       0
       0
       0
       0
       0
       0
       0
       0
       0
       0
       0
       0
       0
       0
       0
       0
       0
       0
       0
       0
       0
       0
       0
       0
       0
       0
       0
       0
       0
       0
       0
       0
       0
       0
       0
       0
       0
       0
       0
       0
       0
       0
       0
       0
       0
       0
       0
       0
       0
       0
       0
       0
       0
       0
       0
       0
       0
       0
       0
       0
       0
       0
       0
       0
       0
       0
       0
       0
       0
       0
       0
       0
       0
       0
       0
       0
       0
       0
       0
       0
       0
       0
       0
       0
       0
       0
       0
       0
       0
       0
       0
       0
       0
       0
       0
       0
       0
       0
       0
       0
       0
       0
       0
       0
       0
       0
       0
       0
       0
       0
       0
       0
       0
       0
       0
       0
       0
       0
       0
       0
       0
       0
       0
       0
       0
       0
       0
       0
       0
       0
       0
       0
       0
       0
       0
       0
       0
       0
       0
       0
       0
       0
       0
       0
       0
       0
       0
       0
       0
       0
       0
       0
       0
       0
       0
       0
       0
       0
       0
       0
       0
       0
       0
       0
       0
       0
       0
       0
       0
       0
       0
       0
       0
       0
       0
       0
       0
       0
       0
       0
       0
       0
       0
       0
       0
       0
       0
       0
       0
       0
       0
       0
       0
       0
       0
       0
       0
       0
       0
       0
       0
       0
       0
       0
       0
       0
       0
       0
       0
       0
       0
       0
       0
       0
       0
       0
       0
       0
       0
       0
       0
       0
       0
       0
       0
       0
       0
       0
       0
       0
       0
       0
       0
       0
       0
       0
       0
       0
       0
       0
       0
       0
       0
       0
       0
       0
       0
       0
       0
       0
       0
       0
       0
       0
       0
       0
       0
       0
       0
       0
       0
       0
       0
       0
       0
       0
       0
       0
       0
       0
       0
       0
       0
       0
       0
       0
       0
       0
       0
       0
       0
       0
       0
       0
       0
       0
       0
       0
       0
       0
       0
       0
       0
       0
       0
       0
       0
       0
       0
       0
       0
       0
       0
       0
       0
       0
       0
       0
       0
       0
       0
       0
       0
       0
       0
       0
       0
       0
       0
       0
       0
       0
       0
       0
       0
       0
       0
       0
       0
       0
       0
       0
       0
       0
       0
       0
       0
       0
       0
       0
       0
       0
       0
       0
       0
       0
       0
       0
       0
       0
       0
       0
       0
       0
       0
       0
       0
       0
       0
       0
       0
       0
       0
       0
       0
       0
       0
       0
       0
       0
       0
       0
       0
       0
       0
       0
       0
       0
       0
       0
       0
       0
       0
       0
       0
       0
       0
       0
       0
       0
       0
       0
       0
       0
       0
       0
       0
       0
       0
       0
       0
       0
       0
       0
       0
       0
       0
       0
       0
       0
       0
       0
       0
       0
       0
       0
       0
       0
       0
       0
       0
       0
       0
       0
       0
       0
       0
       0
       0
       0
       0
       0
       0
       0
       0
       0
       0
       0
       0
       0
       0
       0
       0
       0
       0
       0
       0
       0
       0
       0
       0
       0
       0
       0
       0
       0
       0
       0
       0
       0
       0
       0
       0
       0
       0
       0
       0
       0
       0
       0
       0
       0
       0
       0
       0
       0
       0
       0
       0
       0
       0
       0
       0
       0
       0
       0
       0
       0
       0
       0
       0
       0
       0
       0
       0
       0
       0
       0
       0
       0
       0
       0
       0
       0
       0
       0
       0
       0
       0
       0
       0
       0
       0
       0
       0
       0
       0
       0
       0
       0
       0
       0
       0
       0
       0
       0
       0
       0
       0
       0
       0
       0
       0
       0
       0
       0
       0
       0
       0
       0
       0
       0
       0
       0
       0
       0
       0
       0
       0
       0
       0
       0
       0
       0
       0
       0
       0
       0
       0
       0
       0
       0
       0
       0
       0
       0
       0
       0
       0
       0
       0
       0
       0
       0
       0
       0
       0
       0
       0
       0
       0
       0
       0
       0
       0
       0
       0
       0
       0
       0
       0
       0
       0
       0
       0
       0
       0
       0
       0
       0
       0
       0
       0
       0
       0
       0
       0
       0
       0
       0
       0
       0
       0
       0
       0
       0
       0
       0
       0
       0
       0
       0
       0
       0
       0
       0
       0
       0
       0
       0
       0
       0
       0
       0
       0
       0
       0
       0
       0
       0
       0
       0
       0
       0
       0
       0
       0
       0
       0
       0
       0
       0
       0
       0
       0
       0
       0
       0
       0
       0
       0
       0
       0
       0
       0
       0
       0
       0
       0
       0
       0
       0
       0
       0
       0
       0
       0
       0
       0
       0
       0
       0
       0
       0
       0
       0
       0
       0
       0
       0
       0
       0
       0
       0
       0
       0
       0
       0
       0
       0
       0
       0
       0
       0
       0
       0
       0
       0
       0
       0
       0
       0
       0
       0
       0
       0
       0
       0
       0
       0
       0
       0
       0
       0
       0
       0
       0
       0
       0
       0
       0
       0
       0
       0
       0
       0
       0
       0
       0
       0
       0
       0
       0
       0
       0
       0
       0
       0
       0
       0
       0
       0
       0
       0
       0
       0
       0
       0
       0
       0
       0
       0
       0
       0
       0
       0
       0
       0
       0
       0
       0
       0
       0
       0
       0
       0
       0
       0
       0
       0
       0
       0
       0
       0
       0
       0
       0
       0
       0
       0
       0
       0
       0
       0
       0
       0
       0
       0
       0
       0
       0
       0
       0
       0
       0
       0
       0
       0
       0
       0
       0
       0
       0
       0
       0
       0
       0
       0
       0
       0
       0
       0
       0
       0
       0
       0
       0
       0
       0
       0
       0
       0
       0
       0
       0
       0
       0
       0
       0
       0
       0
       0
       0
       0
       0
       0
       0
       0
       0
       0
       0
       0
       0
       0
       0
       0
       0
       0
       0
       0
       0
       0
       0
       0
       0
       0
       0
       0
       0
       0
       0
       0
       0
       0
       0
       0
       0
       0
       0
       0
       0
       0
       0
       0
       0
       0
       0
       0
       0
       0
       0
       0
       0
       0
       0
       0
       0
       0
       0
       0
       0
       0
       0
       0
       0
       0
       0
       0
       0
       0
       0
       0
       0
       0
       0
       0
       0
       0
       0
       0
       0
       0
       0
       0
       0
       0
       0
       0
       0
       0
       0
       0
       0
       0
       0
       0
       0
       0
       0
       0
       0
       0
       0
       0
       0
       0
       0
       0
       0
       0
       0
       0
       0
       0
       0
       0
       0
       0
       0
       0
       0
       0
       0
       0
       0
       0
       0
       0
       0
       0
       0
       0
       0
       0
       0
       0
       0
       0
       0
       0
       0
       0
       0
       0
       0
       0
       0
       0
       0
       0
       0
       0
       0
       0
       0
       0
       0
       0
       0
       0
       0
       0
       0
       0
       0
       0
       0
       0
       0
       0
       0
       0
       0
       0
       0
       0
       0
       0
       0
       0
       0
       0
       0
       0
       0
       0
       0
       0
       0
       0
       0
       0
       0
       0
       0
       0
       0
       0
       0
       0
       0
       0
       0
       0
       0
       0
       0
       0
       0
       0
       0
       0
       0
       0
       0
       0
       0
       0
       0
       0
       0
       0
       0
       0
       0
       0
       0
       0
       0
       0
       0
       0
       0
$ROI:
1
49 1635
$PRESETS:
None
0
0
$ENER_FIT:
0.000000 3.492040
$MCA_CAL:
3
0.000000E+000 3.492040E+000 0.000000E+000 keV
$SHAPE_CAL:
3
1.303160E+002 0.000000E+000 0.000000E+000
