$SPEC_ID:
No sample description was entered.
$SPEC_REM:
DET# 2
DETDESC# JLAB-18 MCB 131
AP# Maestro Version 7.01
$DATE_MEA:
12/05/2022 16:23:31
$MEAS_TIM:
534 537
$DATA:
0 2047
       0
       0
       0
       0
       0
       0
       0
       0
       0
       0
       0
       0
       0
       0
       0
       0
       0
       0
       0
       0
       0
       0
       0
       0
       0
       0
       0
       0
       0
       0
       0
       0
       0
       0
       0
       0
       0
       0
       0
       0
       0
       0
       0
       0
       0
       0
       0
       0
       0
       0
       0
       0
       0
       0
       0
       0
       0
       0
       0
       0
       0
       0
       0
       0
       0
       0
       0
       0
       0
       0
       0
       0
       0
       0
       0
       0
       0
       0
       0
       0
       0
       0
       0
       0
       0
       0
       0
       0
       0
       0
       0
       0
       0
       0
       0
       0
       0
       0
       0
       0
       0
       0
       0
       0
       0
       0
       0
       1
       0
       2
       0
       1
       0
       1
       4
       4
       2
       1
       0
       4
       3
       1
       5
       4
       2
       2
       0
       2
       3
       1
       2
       2
       0
       2
       4
       6
       1
       4
       1
       2
       1
       1
       2
       1
       4
       3
       2
       2
       5
       0
       2
       1
       2
       1
       3
       1
       1
       4
       2
       2
       0
       2
       3
       3
       3
       6
       3
       3
       3
       3
       3
       2
       1
       3
       7
       5
       4
       2
       2
       2
       1
       2
       0
       7
       1
       3
       5
       7
       3
       2
       3
       1
       1
       1
       4
       4
       4
       1
       1
       1
       4
       4
       4
       5
       2
       4
       4
       4
       2
       3
       3
       3
       5
       4
       2
       3
       4
       2
       3
       8
       3
       4
       3
       6
       6
       3
       6
       7
       5
       6
       4
       5
       8
       6
       5
       4
       2
       2
       1
      13
       2
       2
       7
       3
       6
       6
       6
       7
       4
       4
       6
       5
       1
       9
       3
       2
       1
       6
       7
       4
       2
       7
       5
       3
      11
       4
      11
       8
       2
       3
       7
       2
       4
       5
       8
       3
      10
       9
      12
       8
       5
       5
       5
      13
       9
       9
       4
       8
       3
      11
      12
      10
       6
       5
      13
       3
       4
       7
       6
       5
       8
      10
      10
      11
      11
       7
      19
       9
       7
      13
      12
       5
       6
      13
       8
      10
      10
      11
       7
       7
      19
      14
       4
      15
      12
      16
      10
       9
      10
       9
       8
      15
       7
       9
       9
       8
       7
      12
      10
      10
      17
      15
      10
      17
      10
      11
      12
      17
      12
      18
      13
       8
      15
       8
      14
      12
      12
      13
       7
      22
      14
      19
      16
      13
      17
      12
      16
      13
      13
      10
      14
      24
      20
      13
      20
      13
      21
      11
      17
      24
      20
      18
      24
      14
      20
      10
      14
      18
      17
      23
      18
      19
      13
      10
      10
      20
      22
      19
      23
      14
      15
      18
      19
      19
      22
      19
      21
      20
      17
      22
      18
      16
      15
      16
      15
      18
      17
      16
      24
      26
      17
      22
      15
      17
      20
      23
      30
      22
      17
      23
      16
      21
      25
      23
      17
      18
      23
      25
      23
      21
      24
      17
      19
      18
      18
      20
      32
      22
      20
      31
      23
      31
      21
      27
      22
      29
      29
      20
      24
      17
      31
      21
      26
      21
      20
      32
      27
      30
      29
      30
      29
      37
      20
      21
      31
      30
      26
      26
      36
      13
      29
      22
      26
      20
      18
      37
      29
      37
      33
      25
      27
      28
      32
      29
      25
      23
      21
      29
      23
      33
      21
      37
      33
      30
      29
      29
      27
      32
      33
      22
      22
      26
      32
      36
      35
      22
      34
      31
      24
      24
      36
      35
      36
      35
      34
      31
      31
      34
      34
      34
      26
      31
      26
      22
      29
      31
      22
      24
      28
      33
      34
      27
      26
      35
      32
      36
      30
      32
      24
      25
      32
      35
      25
      30
      23
      36
      33
      26
      37
      26
      26
      36
      31
      22
      31
      25
      28
      35
      28
      31
      29
      25
      37
      20
      30
      28
      38
      32
      35
      28
      27
      27
      33
      25
      29
      30
      31
      38
      25
      34
      29
      22
      35
      32
      34
      24
      23
      19
      24
      27
      31
      24
      26
      25
      25
      30
      26
      39
      23
      20
      21
      29
      28
      21
      18
      32
      25
      25
      28
      23
      17
      28
      21
      23
      23
      18
      29
      22
      27
      25
      25
      25
      24
      22
      24
      23
      21
      23
      21
      28
      19
      22
      23
      16
      20
      17
      13
      20
      21
      16
      30
      18
      22
      24
      21
      17
      17
      21
      18
      15
      20
      19
      18
      23
       9
      16
      15
      13
      19
      19
      15
      16
      18
      15
      16
       8
      15
      11
      11
      21
      13
      14
      13
      10
      13
      12
       9
      11
      17
      10
      13
       7
      10
      21
       5
      10
      10
       7
       7
       9
      12
      11
      10
      11
      14
      15
      13
       8
      11
      13
       9
       7
       7
      12
       7
      12
       7
       5
       8
      11
       7
       6
       7
       6
       6
       4
       6
       9
       9
       5
       5
       7
       6
       7
       6
       6
       3
       5
       3
       2
       4
       2
       4
       1
       5
       4
       5
       5
       7
       4
       3
       5
       2
       6
       6
       4
       4
       3
       3
       5
       3
       2
       2
       3
       2
       1
       5
       4
       2
       3
       1
       2
       1
       3
       1
       2
       1
       3
       0
       0
       0
       3
       3
       1
       2
       2
       0
       1
       2
       2
       2
       0
       1
       1
       2
       1
       0
       0
       3
       4
       1
       0
       1
       2
       0
       2
       0
       0
       0
       0
       0
       1
       2
       0
       0
       2
       1
       0
       0
       1
       1
       0
       1
       0
       0
       0
       2
       1
       0
       1
       0
       0
       0
       0
       0
       2
       0
       2
       1
       0
       0
       0
       1
       0
       0
       0
       2
       0
       1
       0
       0
       0
       0
       1
       0
       1
       0
       0
       0
       0
       1
       0
       0
       0
       0
       0
       0
       0
       0
       0
       0
       0
       1
       0
       0
       0
       0
       0
       0
       0
       0
       0
       0
       0
       1
       0
       0
       0
       0
       0
       0
       0
       0
       1
       0
       0
       0
       0
       0
       0
       0
       0
       0
       0
       0
       0
       0
       0
       0
       0
       0
       0
       0
       1
       0
       0
       0
       0
       0
       0
       0
       0
       0
       0
       0
       0
       0
       0
       0
       0
       0
       0
       0
       0
       0
       0
       0
       0
       0
       0
       0
       0
       0
       0
       0
       0
       0
       0
       0
       0
       0
       0
       0
       0
       0
       0
       1
       0
       0
       0
       0
       0
       0
       0
       0
       0
       0
       0
       0
       0
       0
       0
       0
       0
       0
       0
       0
       0
       0
       0
       0
       0
       0
       0
       0
       0
       0
       0
       0
       0
       0
       0
       0
       0
       0
       0
       0
       0
       0
       0
       0
       0
       0
       0
       0
       0
       0
       0
       0
       0
       0
       0
       0
       0
       0
       0
       0
       0
       0
       0
       0
       0
       0
       0
       0
       0
       0
       0
       0
       0
       0
       0
       0
       0
       0
       0
       0
       0
       0
       0
       0
       0
       0
       0
       0
       0
       0
       0
       0
       0
       0
       0
       0
       0
       0
       0
       0
       0
       0
       0
       0
       0
       0
       0
       0
       0
       0
       0
       0
       0
       0
       0
       0
       0
       0
       0
       0
       0
       0
       0
       0
       0
       0
       0
       0
       0
       0
       0
       0
       0
       0
       0
       0
       0
       0
       0
       0
       0
       0
       0
       0
       0
       0
       0
       0
       0
       0
       0
       0
       0
       0
       0
       0
       0
       0
       0
       0
       0
       0
       0
       0
       0
       0
       0
       0
       0
       0
       0
       0
       0
       0
       0
       0
       0
       0
       0
       0
       0
       0
       0
       0
       0
       0
       0
       0
       0
       0
       0
       0
       0
       0
       0
       0
       0
       0
       0
       0
       0
       0
       0
       0
       0
       0
       0
       0
       0
       0
       0
       0
       0
       0
       0
       0
       0
       0
       0
       0
       0
       0
       0
       0
       0
       0
       0
       0
       0
       0
       0
       0
       0
       0
       0
       0
       0
       0
       0
       0
       0
       0
       0
       0
       0
       0
       0
       0
       0
       0
       0
       0
       0
       0
       0
       0
       0
       0
       0
       0
       0
       0
       0
       0
       0
       0
       0
       0
       0
       0
       0
       0
       0
       0
       0
       0
       0
       0
       0
       0
       0
       0
       0
       0
       0
       0
       0
       0
       0
       0
       0
       0
       0
       0
       0
       0
       0
       0
       0
       0
       0
       0
       0
       0
       0
       0
       0
       0
       0
       0
       0
       0
       0
       0
       0
       0
       0
       0
       0
       0
       0
       0
       0
       0
       0
       0
       0
       0
       0
       0
       0
       0
       0
       0
       0
       0
       0
       0
       0
       0
       0
       0
       0
       0
       0
       0
       0
       0
       0
       0
       0
       0
       0
       0
       0
       0
       0
       0
       0
       0
       0
       0
       0
       0
       0
       0
       0
       0
       0
       0
       0
       0
       0
       0
       0
       0
       0
       0
       0
       0
       0
       0
       0
       0
       0
       0
       0
       0
       0
       0
       0
       0
       0
       0
       0
       0
       0
       0
       0
       0
       0
       0
       0
       0
       0
       0
       0
       0
       0
       0
       0
       0
       0
       0
       0
       0
       0
       0
       0
       0
       0
       0
       0
       0
       0
       0
       0
       0
       0
       0
       0
       0
       0
       0
       0
       0
       0
       0
       0
       0
       0
       0
       0
       0
       0
       0
       0
       0
       0
       0
       0
       0
       0
       0
       0
       0
       0
       0
       0
       0
       0
       0
       0
       0
       0
       0
       0
       0
       0
       0
       0
       0
       0
       0
       0
       0
       0
       0
       0
       0
       0
       0
       0
       0
       0
       0
       0
       0
       0
       0
       0
       0
       0
       0
       0
       0
       0
       0
       0
       0
       0
       0
       0
       0
       0
       0
       0
       0
       0
       0
       0
       0
       0
       0
       0
       0
       0
       0
       0
       0
       0
       0
       0
       0
       0
       0
       0
       0
       0
       0
       0
       0
       0
       0
       0
       0
       0
       0
       0
       0
       0
       0
       0
       0
       0
       0
       0
       0
       0
       0
       0
       0
       0
       0
       0
       0
       0
       0
       0
       0
       0
       0
       0
       0
       0
       0
       0
       0
       0
       0
       0
       0
       0
       0
       0
       0
       0
       0
       0
       0
       0
       0
       0
       0
       0
       0
       0
       0
       0
       0
       0
       0
       0
       0
       0
       0
       0
       0
       0
       0
       0
       0
       0
       0
       0
       0
       0
       0
       0
       0
       0
       0
       0
       0
       0
       0
       0
       0
       0
       0
       0
       0
       0
       0
       0
       0
       0
       0
       0
       0
       0
       0
       0
       0
       0
       0
       0
       0
       0
       0
       0
       0
       0
       0
       0
       0
       0
       0
       0
       0
       0
       0
       0
       0
       0
       0
       0
       0
       0
       0
       0
       0
       0
       0
       0
       0
       0
       0
       0
       0
       0
       0
       0
       0
       0
       0
       0
       0
       0
       0
       0
       0
       0
       0
       0
       0
       0
       0
       0
       0
       0
       0
       0
       0
       0
       0
       0
       0
       0
       0
       0
       0
       0
       0
       0
       0
       0
       0
       0
       0
       0
       0
       0
       0
       0
       0
       0
       0
       0
       0
       0
       0
       0
       0
       0
       0
       0
       0
       0
       0
       0
       0
       0
       0
       0
       0
       0
       0
       0
       0
       0
       0
       0
       0
       0
       0
       0
       0
       0
       0
       0
       0
       0
       0
       0
       0
       0
       0
       0
       0
       0
       0
       0
       0
       0
       0
       0
       0
       0
       0
       0
       0
       0
       0
       0
       0
       0
       0
       0
       0
       0
       0
       0
       0
       0
       0
       0
       0
       0
       0
       0
       0
       0
       0
       0
       0
       0
       0
       0
       0
       0
       0
       0
       0
       0
       0
       0
       0
       0
       0
       0
       0
       0
       0
       0
       0
       0
       0
       0
       0
       0
       0
       0
       0
       0
       0
       0
       0
       0
       0
       0
       0
       0
       0
       0
       0
       0
       0
       0
       0
       0
       0
       0
       0
       0
       0
       0
       0
       0
       0
       0
       0
       0
       0
       0
       0
       0
       0
       0
       0
       0
       0
       0
       0
       0
       0
       0
       0
       0
       0
       0
       0
       0
       0
       0
       0
       0
       0
       0
       0
       0
       0
       0
       0
       0
       0
       0
       0
       0
       0
       0
       0
       0
       0
       0
       0
       0
       0
       0
       0
       0
       0
       0
       0
       0
       0
       0
       0
       0
       0
       0
       0
       0
       0
       0
       0
       0
       0
       0
       0
       0
       0
       0
       0
       0
       0
       0
       0
       0
       0
       0
       0
       0
       0
       0
       0
       0
       0
       0
       0
       0
       0
       0
       0
       0
       0
       0
       0
       0
       0
       0
       0
       0
       0
       0
       0
       0
       0
       0
       0
       0
       0
       0
       0
       0
       0
       0
       0
       0
       0
       0
       0
       0
       0
       0
       0
       0
       0
       0
       0
       0
       0
       0
       0
       0
       0
       0
       0
       0
       0
       0
       0
       0
       0
       0
       0
       0
       0
       0
       0
       0
       0
       0
       0
       0
       0
       0
       0
       0
       0
       0
       0
       0
       0
       0
       0
       0
       0
       0
       0
       0
       0
       0
       0
       0
       0
       0
       0
       0
       0
       0
       0
       0
       0
       0
       0
       0
       0
       0
       0
       0
       0
       0
       0
       0
       0
       0
       0
       0
       0
       0
       0
       0
       0
       0
       0
       0
       0
       0
       0
       0
       0
       0
       0
       0
       0
       0
       0
       0
       0
       0
       0
       0
       0
       0
       0
       0
       0
       0
       0
       0
       0
       0
       0
       0
       0
       0
       0
       0
       0
       0
$ROI:
1
49 1635
$PRESETS:
None
0
0
$ENER_FIT:
0.000000 3.492040
$MCA_CAL:
3
0.000000E+000 3.492040E+000 0.000000E+000 keV
$SHAPE_CAL:
3
1.303160E+002 0.000000E+000 0.000000E+000
