$SPEC_ID:
No sample description was entered.
$SPEC_REM:
DET# 2
DETDESC# JLAB-18 MCB 131
AP# Maestro Version 7.01
$DATE_MEA:
12/05/2022 15:18:08
$MEAS_TIM:
2818 2833
$DATA:
0 2047
       0
       0
       0
       0
       0
       0
       0
       0
       0
       0
       0
       0
       0
       0
       0
       0
       0
       0
       0
       0
       0
       0
       0
       0
       0
       0
       0
       0
       0
       0
       0
       0
       0
       0
       0
       0
       0
       0
       0
       0
       0
       0
       0
       0
       0
       0
       0
       0
       0
       0
       0
       0
       0
       0
       0
       0
       0
       0
       0
       0
       0
       0
       0
       0
       0
       0
       0
       0
       0
       0
       0
       0
       0
       0
       0
       0
       0
       0
       0
       0
       0
       0
       0
       0
       0
       0
       0
       0
       0
       0
       0
       0
       0
       0
       0
       0
       0
       0
       0
       0
       0
       0
       0
       1
       0
       5
       6
       4
      12
      16
      28
      23
      25
      24
      25
      20
      25
      19
      27
      18
      24
      30
      19
      14
      23
      17
      23
      25
      27
      27
      22
      25
      20
      26
      23
      30
      19
      22
      20
      23
      24
      22
      18
      26
      16
      17
      16
      19
      16
      18
      26
      23
      23
      24
      32
      17
      25
      28
      24
      17
      14
      22
      28
      15
      22
      30
      24
      28
      22
      15
      29
      25
      18
      23
      17
      16
      27
      23
      21
      22
      26
      20
      24
      21
      29
      17
      21
      22
      26
      20
      31
      15
      15
      19
      27
      20
      22
      19
      22
      22
      15
      22
      29
      19
      24
      30
      25
      18
      23
      22
      18
      23
      26
      22
      25
      29
      27
      20
      30
      25
      25
      38
      39
      27
      29
      29
      28
      22
      22
      34
      28
      35
      27
      34
      20
      33
      33
      34
      21
      31
      28
      36
      20
      39
      25
      32
      33
      45
      31
      35
      33
      33
      37
      30
      36
      22
      37
      31
      33
      44
      40
      28
      45
      32
      35
      38
      39
      37
      40
      36
      38
      48
      33
      39
      34
      38
      48
      41
      40
      37
      42
      44
      39
      57
      44
      49
      43
      42
      37
      50
      38
      37
      53
      47
      50
      34
      51
      43
      55
      47
      47
      40
      56
      52
      57
      61
      49
      56
      46
      43
      59
      39
      52
      35
      61
      75
      48
      52
      58
      48
      48
      49
      60
      62
      64
      58
      65
      59
      54
      62
      65
      67
      56
      62
      55
      69
      64
      55
      65
      74
      64
      65
      72
      61
      63
      75
      67
      69
      52
      62
      62
      72
      61
      71
      80
      71
      65
      63
      78
      77
      69
      84
      86
      74
      84
      68
      72
      90
      68
      78
      72
      66
      83
      77
      79
      81
      95
      79
      80
      63
      81
      88
      79
      84
      91
      94
      83
      96
      96
      79
     108
     106
     100
      75
      89
      98
      95
     102
      95
     117
      89
     109
      99
      89
      90
      89
     105
      84
      88
     116
     102
      99
      93
      86
      94
      99
     109
     128
     106
     105
      83
     110
     105
      86
     105
     104
     105
      99
      98
     115
     105
     109
     127
     110
     135
     111
     121
     136
     125
     123
     117
     118
     128
     104
      99
     115
     111
     104
     110
     122
     113
     122
     109
     143
     120
     125
     118
     121
     112
     116
     130
     133
     139
     133
     140
     148
     115
     123
     128
     140
     127
     142
     136
     142
     127
     131
     130
     134
     163
     140
     135
     141
     137
     147
     128
     136
     150
     136
     159
     136
     140
     154
     156
     124
     151
     139
     141
     150
     141
     148
     150
     150
     162
     136
     161
     148
     142
     161
     161
     150
     151
     160
     182
     170
     168
     158
     152
     138
     150
     150
     142
     159
     170
     157
     144
     156
     167
     145
     144
     150
     139
     168
     145
     156
     162
     155
     133
     170
     161
     160
     151
     130
     164
     154
     135
     164
     168
     181
     152
     145
     153
     150
     157
     154
     144
     151
     146
     138
     148
     152
     146
     156
     157
     159
     155
     145
     174
     195
     174
     143
     169
     177
     146
     152
     150
     134
     163
     149
     137
     162
     149
     143
     150
     127
     155
     127
     150
     147
     154
     150
     131
     159
     142
     137
     166
     132
     143
     156
     127
     134
     158
     142
     147
     141
     159
     133
     154
     152
     139
     144
     126
     140
     133
     125
     126
     119
     140
     139
     137
     122
     128
     117
     127
     117
     131
     121
     143
     136
     126
     138
     127
     118
     126
     132
     122
     128
     106
     118
     105
      97
     126
     108
     127
     114
     104
     118
     107
     106
     108
     110
     118
     113
     105
     112
     112
     101
     103
     107
      79
      98
     101
      88
     100
      86
      94
      74
      73
      82
      90
      98
      78
      75
      87
      91
      93
     105
      82
      82
      66
      75
      69
      87
      79
      75
      83
      61
      91
      84
      83
      69
      63
      65
      70
      60
      52
      68
      66
      58
      68
      65
      63
      70
      63
      95
      56
      49
      78
      59
      50
      61
      40
      51
      48
      53
      45
      55
      61
      48
      56
      46
      53
      49
      39
      34
      38
      49
      41
      39
      37
      37
      38
      40
      52
      38
      40
      36
      29
      38
      28
      33
      38
      25
      31
      30
      33
      26
      32
      35
      41
      16
      25
      25
      25
      27
      33
      35
      34
      20
      15
      19
      25
      13
       9
      10
      22
      23
      14
      17
      23
      20
      14
      17
      13
      14
      22
      20
       6
      17
      15
      16
      13
       8
       9
      12
       9
       6
      11
      15
      10
      12
      14
      10
       9
      14
      13
       9
      13
      14
       9
       7
      10
      10
       9
      11
       9
       5
       6
       9
      14
       9
       6
       3
       9
       4
       9
      11
       9
       8
       3
       6
      10
       6
       3
       8
       5
       4
       4
       2
       1
       5
       4
       2
       1
       3
       2
       5
       6
       4
       3
       0
       0
       3
       2
       3
       0
       4
       3
       7
       3
       2
       2
       3
       4
       1
       2
       0
       1
       4
       2
       3
       3
       1
       1
       0
       2
       0
       0
       2
       1
       2
       2
       0
       2
       0
       0
       0
       0
       0
       1
       1
       1
       0
       0
       1
       1
       1
       1
       1
       1
       1
       1
       1
       0
       1
       0
       2
       1
       0
       2
       0
       0
       0
       1
       1
       0
       1
       0
       2
       0
       0
       0
       1
       1
       0
       1
       0
       0
       0
       1
       0
       0
       0
       0
       0
       0
       0
       1
       0
       0
       0
       0
       0
       0
       1
       0
       0
       0
       0
       0
       0
       0
       1
       1
       0
       0
       0
       0
       0
       0
       0
       0
       0
       0
       0
       0
       0
       0
       1
       0
       0
       0
       0
       0
       0
       0
       0
       0
       0
       0
       0
       0
       0
       0
       0
       0
       0
       1
       0
       0
       0
       0
       0
       0
       0
       0
       0
       0
       0
       0
       0
       0
       0
       0
       0
       0
       0
       0
       1
       0
       1
       0
       0
       1
       0
       0
       0
       0
       0
       0
       0
       0
       0
       0
       0
       1
       0
       0
       0
       1
       0
       0
       0
       0
       0
       0
       0
       0
       0
       0
       0
       0
       0
       0
       0
       0
       0
       0
       0
       0
       0
       0
       0
       0
       0
       0
       0
       0
       0
       0
       0
       0
       0
       0
       0
       0
       0
       0
       0
       0
       0
       0
       0
       0
       0
       0
       0
       0
       0
       0
       0
       0
       0
       0
       0
       0
       0
       0
       0
       0
       0
       0
       0
       0
       0
       0
       0
       0
       0
       0
       0
       0
       0
       0
       0
       0
       0
       0
       0
       0
       0
       0
       0
       0
       0
       0
       0
       0
       0
       0
       0
       0
       0
       0
       0
       0
       0
       0
       0
       0
       0
       0
       0
       0
       0
       0
       0
       0
       0
       0
       0
       0
       1
       0
       0
       0
       0
       0
       0
       0
       0
       0
       0
       0
       0
       0
       0
       0
       0
       0
       0
       0
       0
       0
       0
       0
       0
       0
       0
       0
       0
       0
       0
       0
       0
       0
       0
       0
       0
       0
       0
       0
       0
       0
       0
       0
       0
       0
       0
       0
       0
       0
       0
       0
       0
       0
       0
       0
       0
       0
       0
       0
       0
       0
       0
       0
       0
       0
       0
       0
       0
       0
       0
       0
       0
       0
       0
       0
       0
       0
       0
       0
       0
       0
       0
       0
       0
       0
       0
       0
       0
       0
       0
       0
       0
       0
       0
       0
       0
       0
       0
       0
       0
       0
       0
       0
       0
       0
       0
       0
       0
       0
       0
       0
       0
       0
       0
       0
       0
       0
       0
       0
       0
       0
       0
       0
       0
       0
       0
       0
       0
       0
       0
       0
       0
       0
       0
       0
       0
       0
       0
       0
       0
       0
       0
       0
       0
       0
       0
       0
       0
       0
       0
       0
       0
       0
       0
       0
       0
       0
       0
       0
       0
       0
       0
       0
       0
       0
       0
       0
       0
       0
       0
       0
       0
       0
       0
       0
       0
       0
       0
       0
       0
       0
       0
       0
       0
       0
       0
       0
       0
       0
       0
       0
       0
       0
       0
       0
       0
       0
       0
       0
       0
       0
       0
       0
       0
       0
       0
       0
       0
       0
       0
       0
       0
       0
       0
       0
       0
       0
       0
       0
       0
       0
       0
       0
       0
       0
       0
       0
       0
       0
       0
       0
       0
       0
       0
       0
       0
       0
       0
       0
       0
       0
       0
       0
       0
       0
       0
       0
       0
       0
       0
       0
       0
       0
       0
       0
       0
       0
       0
       0
       0
       0
       0
       0
       0
       0
       0
       0
       0
       0
       0
       0
       0
       0
       0
       0
       0
       0
       0
       0
       0
       0
       0
       0
       0
       0
       0
       0
       0
       0
       0
       0
       0
       0
       0
       0
       0
       0
       0
       0
       0
       0
       0
       0
       0
       0
       0
       0
       0
       0
       0
       0
       0
       0
       0
       0
       0
       0
       0
       0
       0
       0
       0
       0
       0
       0
       0
       0
       0
       0
       0
       0
       0
       0
       0
       0
       0
       0
       0
       0
       0
       0
       0
       0
       0
       0
       0
       0
       0
       0
       0
       0
       0
       0
       0
       0
       0
       0
       0
       0
       0
       0
       0
       0
       0
       0
       0
       0
       0
       0
       0
       0
       0
       0
       0
       0
       0
       0
       0
       0
       0
       0
       0
       0
       0
       0
       0
       0
       0
       0
       0
       0
       0
       0
       0
       0
       0
       0
       0
       0
       0
       0
       0
       0
       0
       0
       0
       0
       0
       0
       0
       0
       0
       0
       0
       0
       0
       0
       0
       0
       0
       0
       0
       0
       0
       0
       0
       0
       0
       0
       0
       0
       0
       0
       0
       0
       0
       0
       0
       0
       0
       0
       0
       0
       0
       0
       0
       0
       0
       0
       0
       0
       0
       0
       0
       0
       0
       0
       0
       0
       0
       0
       0
       0
       0
       0
       0
       0
       0
       0
       0
       0
       0
       0
       0
       0
       0
       0
       0
       0
       0
       0
       0
       0
       0
       0
       0
       0
       0
       0
       0
       0
       0
       0
       0
       0
       0
       0
       0
       0
       0
       0
       0
       0
       0
       0
       0
       0
       0
       0
       0
       0
       0
       0
       0
       0
       0
       0
       0
       0
       0
       0
       0
       0
       0
       0
       0
       0
       0
       0
       0
       0
       0
       0
       0
       0
       0
       0
       0
       0
       0
       0
       0
       0
       0
       0
       0
       0
       0
       0
       0
       0
       0
       0
       0
       0
       0
       0
       0
       0
       0
       0
       0
       0
       0
       0
       0
       0
       0
       0
       0
       0
       0
       0
       0
       0
       0
       0
       0
       0
       0
       0
       0
       0
       0
       0
       0
       0
       0
       0
       0
       0
       0
       0
       0
       0
       0
       0
       0
       0
       0
       0
       0
       0
       0
       0
       0
       0
       0
       0
       0
       0
       1
       0
       0
       0
       0
       0
       0
       0
       0
       0
       0
       0
       0
       0
       0
       0
       0
       0
       0
       0
       0
       0
       0
       0
       0
       0
       0
       0
       0
       0
       0
       0
       0
       0
       0
       0
       0
       0
       0
       0
       0
       0
       0
       0
       0
       0
       0
       0
       0
       0
       0
       0
       0
       0
       0
       0
       0
       0
       0
       0
       0
       0
       0
       0
       0
       0
       0
       0
       0
       0
       0
       0
       0
       0
       0
       0
       0
       0
       0
       0
       0
       0
       0
       0
       0
       0
       0
       0
       0
       0
       0
       0
       0
       0
       0
       0
       0
       0
       0
       0
       0
       0
       0
       0
       0
       0
       0
       0
       0
       0
       0
       0
       0
       0
       0
       0
       0
       0
       0
       0
       0
       0
       0
       0
       0
       0
       0
       0
       0
       0
       0
       0
       0
       0
       0
       0
       0
       0
       0
       0
       0
       0
       0
       0
       0
       0
       0
       0
       0
       0
       0
       0
       0
       0
       0
       0
       0
       0
       0
       0
       0
       0
       0
       0
       0
       0
       0
       0
       0
       0
       0
       0
       0
       0
       0
       0
       0
       0
       0
       0
       0
       0
       0
       0
       0
       0
       0
       0
       0
       0
       0
       0
       0
       0
       0
       0
       0
       0
       0
       0
       0
       0
       0
       0
       0
       0
       0
       0
       0
       0
       0
       0
       0
       0
       0
       0
       0
       0
       0
       0
       0
       0
       0
       0
       0
       0
       0
       0
       0
       0
       0
       0
       0
       0
       0
       0
       0
       0
       0
       0
       0
       0
       0
       0
       0
       0
       0
       0
       0
       0
       0
       0
       0
       0
       0
       0
       0
       0
       0
       0
       0
       0
       0
       0
       0
       0
       0
       0
       0
       0
       0
       0
       0
       0
       0
       0
       0
       0
       0
       0
       0
       0
       0
       0
       0
       0
       0
       0
       0
       0
       0
       0
       0
       0
       0
       0
       0
       0
       0
       0
       0
       0
       0
       0
       0
$ROI:
1
49 1635
$PRESETS:
None
0
0
$ENER_FIT:
0.000000 3.492040
$MCA_CAL:
3
0.000000E+000 3.492040E+000 0.000000E+000 keV
$SHAPE_CAL:
3
1.303160E+002 0.000000E+000 0.000000E+000
