$SPEC_ID:
No sample description was entered.
$SPEC_REM:
DET# 2
DETDESC# JLAB-18 MCB 131
AP# Maestro Version 7.01
$DATE_MEA:
12/05/2022 16:07:55
$MEAS_TIM:
366 368
$DATA:
0 2047
       0
       0
       0
       0
       0
       0
       0
       0
       0
       0
       0
       0
       0
       0
       0
       0
       0
       0
       0
       0
       0
       0
       0
       0
       0
       0
       0
       0
       0
       0
       0
       0
       0
       0
       0
       0
       0
       0
       0
       0
       0
       0
       0
       0
       0
       0
       0
       0
       0
       0
       0
       0
       0
       0
       0
       0
       0
       0
       0
       0
       0
       0
       0
       0
       0
       0
       0
       0
       0
       0
       0
       0
       0
       0
       0
       0
       0
       0
       0
       0
       0
       0
       0
       0
       0
       0
       0
       0
       0
       0
       0
       0
       0
       0
       0
       0
       0
       0
       0
       0
       0
       0
       0
       0
       0
       0
       0
       0
       1
       0
       2
       2
       5
       0
       3
       0
       1
       2
       0
       1
       3
       0
       1
       1
       3
       1
       2
       0
       4
       2
       1
       0
       2
       4
       2
       1
       1
       0
       1
       0
       1
       0
       0
       0
       0
       0
       2
       2
       1
       1
       0
       1
       0
       1
       1
       1
       0
       1
       0
       2
       0
       3
       1
       1
       2
       2
       1
       1
       2
       1
       1
       1
       0
       1
       0
       1
       0
       0
       0
       1
       1
       0
       0
       1
       0
       3
       0
       0
       0
       0
       0
       0
       0
       0
       1
       0
       1
       0
       1
       0
       3
       0
       0
       0
       1
       1
       1
       0
       0
       1
       0
       1
       2
       0
       0
       1
       2
       1
       1
       0
       1
       0
       2
       0
       1
       0
       1
       1
       0
       0
       0
       0
       0
       1
       0
       0
       4
       1
       0
       0
       0
       0
       0
       1
       1
       0
       0
       0
       0
       2
       1
       0
       1
       0
       0
       0
       3
       1
       0
       2
       0
       1
       0
       0
       1
       2
       0
       1
       0
       2
       0
       2
       0
       1
       0
       1
       0
       0
       0
       1
       0
       1
       0
       1
       0
       1
       1
       1
       0
       0
       0
       0
       0
       0
       0
       1
       1
       2
       0
       1
       0
       0
       0
       0
       0
       0
       0
       0
       0
       2
       0
       0
       0
       0
       1
       0
       1
       1
       1
       0
       2
       0
       1
       0
       0
       1
       0
       0
       0
       0
       1
       1
       0
       0
       0
       1
       0
       0
       1
       0
       1
       1
       0
       1
       0
       2
       0
       0
       2
       1
       0
       0
       1
       1
       0
       0
       0
       2
       0
       0
       0
       2
       0
       1
       1
       2
       1
       1
       1
       0
       1
       0
       3
       0
       0
       1
       0
       0
       0
       0
       0
       0
       0
       1
       0
       1
       0
       2
       1
       1
       0
       0
       0
       1
       1
       0
       0
       2
       0
       0
       1
       1
       0
       1
       0
       1
       0
       0
       2
       0
       1
       1
       1
       1
       0
       0
       0
       0
       0
       0
       1
       2
       1
       2
       0
       0
       1
       2
       3
       0
       1
       1
       0
       1
       0
       1
       1
       0
       0
       2
       0
       1
       0
       2
       3
       0
       1
       5
       0
       0
       0
       0
       0
       0
       1
       0
       0
       1
       1
       0
       1
       0
       0
       0
       0
       0
       0
       1
       1
       0
       1
       0
       2
       1
       0
       0
       3
       0
       2
       1
       2
       1
       1
       0
       0
       0
       0
       0
       0
       0
       1
       3
       0
       0
       2
       0
       2
       2
       0
       0
       0
       1
       0
       0
       3
       0
       2
       0
       1
       1
       1
       1
       1
       0
       0
       2
       1
       0
       0
       3
       1
       1
       0
       0
       0
       1
       0
       0
       1
       0
       0
       3
       0
       2
       1
       1
       3
       0
       0
       0
       1
       1
       0
       0
       0
       0
       1
       0
       1
       1
       0
       1
       0
       1
       0
       0
       2
       0
       0
       0
       0
       1
       0
       0
       0
       0
       1
       0
       1
       1
       0
       1
       0
       0
       1
       1
       1
       2
       0
       0
       1
       1
       2
       0
       0
       2
       1
       0
       0
       2
       1
       1
       0
       0
       1
       0
       2
       0
       1
       0
       0
       0
       0
       0
       0
       0
       1
       0
       1
       0
       4
       1
       1
       1
       0
       2
       1
       0
       0
       0
       3
       1
       3
       1
       0
       0
       0
       1
       0
       0
       0
       2
       0
       0
       1
       3
       1
       0
       1
       0
       0
       1
       0
       0
       0
       1
       1
       3
       1
       1
       1
       0
       1
       0
       0
       1
       1
       0
       0
       4
       2
       0
       0
       3
       0
       1
       0
       2
       2
       1
       1
       0
       1
       2
       1
       0
       0
       1
       0
       0
       2
       1
       0
       0
       0
       0
       1
       1
       0
       2
       1
       1
       1
       1
       0
       1
       0
       0
       1
       1
       0
       3
       1
       1
       2
       1
       1
       1
       3
       1
       0
       1
       2
       1
       1
       1
       0
       3
       1
       0
       0
       0
       2
       1
       1
       1
       1
       1
       2
       0
       1
       1
       2
       1
       1
       0
       3
       2
       1
       0
       0
       4
       0
       0
       1
       1
       3
       0
       1
       0
       1
       2
       1
       1
       2
       2
       2
       0
       0
       2
       3
       2
       2
       2
       1
       0
       2
       1
       3
       0
       2
       0
       1
       0
       0
       0
       0
       1
       2
       1
       1
       2
       2
       2
       1
       3
       3
       3
       4
       0
       0
       2
       2
       2
       1
       1
       4
       1
       0
       2
       6
       2
       1
       2
       4
       1
       2
       0
       2
       2
       2
       1
       0
       4
       1
       4
       1
       3
       5
       1
       1
       1
       1
       0
       1
       1
       0
       3
       2
       4
       1
       0
       1
       4
       2
       4
       3
       5
       1
       0
       2
       4
       4
       1
       1
       0
       3
       2
       1
       2
       2
       4
       4
       5
       1
       4
       1
       2
       6
       1
       3
       4
       2
       2
       3
       4
       2
       3
       1
       3
       3
       1
       3
       3
       0
       2
       8
       2
       2
       1
       3
       5
       5
       4
       6
       4
       1
       5
       7
       5
       4
       2
       2
       3
       3
       3
       3
       5
       7
       2
       3
       2
       3
      13
       5
       4
       4
       5
       5
       3
       2
       1
       2
       5
       9
       5
       5
       4
       5
       5
       7
       2
       5
       6
       4
       3
       5
       8
       3
       3
       5
       5
       6
       6
       8
       8
      13
      10
       6
       5
      12
       1
       8
       8
       9
       9
       9
       7
       7
      11
       7
       9
      14
       6
      10
       8
      14
      13
       5
       9
      10
       8
       7
      10
      10
       7
      18
      18
       7
      15
      10
      12
       9
      13
      14
       4
      17
      12
      12
      15
       9
      19
      17
       8
       9
      18
      12
       6
      15
      18
       9
      10
      16
      12
      17
      18
      17
      16
      19
      12
      14
      23
      23
      17
      19
      12
      23
      14
      18
      22
      15
      21
      22
      21
      19
      29
      23
      19
      33
      32
      24
      31
      26
      32
      36
      25
      36
      33
      30
      33
      37
      44
      40
      41
      41
      32
      25
      32
      36
      28
      38
      44
      37
      35
      43
      47
      46
      34
      46
      49
      43
      36
      53
      51
      49
      43
      48
      49
      45
      49
      55
      60
      61
      55
      58
      52
      51
      46
      72
      64
      60
      52
      53
      53
      71
      79
      62
      54
      83
      67
      80
      70
      91
      93
      89
      71
      98
      90
      98
      80
      83
      90
      89
      74
      81
     112
     103
      92
      83
     103
      98
      99
     113
      98
     113
     107
     112
     107
     106
     107
     114
     122
     113
     105
     126
     100
     117
     137
     132
     130
     122
     138
      99
     138
     140
     118
     134
     129
     156
     124
     127
     169
     152
     165
     116
     120
     120
     156
     143
     126
     137
     147
     165
     155
     156
     153
     142
     146
     129
     137
     137
     150
     159
     170
     161
     151
     163
     152
     173
     159
     141
     141
     152
     158
     182
     143
     159
     140
     167
     151
     181
     160
     161
     156
     166
     152
     157
     159
     142
     175
     148
     134
     154
     147
     136
     141
     148
     171
     124
     158
     152
     162
     148
     146
     117
     125
     159
     130
     142
     134
     100
     124
     143
     134
     126
     122
     139
     146
     125
     128
     128
     128
     151
     118
     118
     131
     122
     123
     106
     107
     113
     117
      85
     115
      99
     114
     103
      97
     106
      82
      90
     116
     114
     102
      99
      92
      81
      96
      82
     103
      65
      82
      71
      50
      64
      66
      71
      72
      64
      62
      78
      55
      61
      49
      48
      48
      54
      47
      42
      44
      33
      51
      36
      42
      42
      32
      39
      29
      34
      34
      33
      30
      32
      32
      32
      30
      28
      36
      22
      23
      26
      29
      22
      19
      20
      21
      15
      24
      20
      15
      14
      11
      17
      24
      20
      25
      13
      11
       9
      16
      11
      11
      14
      10
       4
      14
       7
      11
       8
       6
       9
       8
       6
       6
       9
       7
       5
       5
       7
       3
       7
       5
       9
       2
       4
       0
       2
       1
       2
       2
       3
       1
       1
       6
       3
       2
       1
       4
       0
       0
       1
       1
       1
       2
       1
       1
       2
       1
       2
       2
       1
       1
       1
       1
       1
       0
       1
       1
       1
       0
       1
       1
       1
       1
       1
       0
       1
       0
       0
       0
       1
       0
       0
       0
       0
       2
       1
       1
       0
       0
       0
       0
       1
       0
       0
       0
       0
       0
       0
       0
       0
       0
       0
       0
       0
       0
       0
       0
       0
       0
       0
       0
       0
       0
       0
       0
       0
       0
       0
       0
       0
       0
       0
       0
       0
       0
       0
       0
       0
       0
       1
       0
       0
       0
       0
       0
       0
       0
       0
       0
       0
       0
       0
       0
       0
       0
       0
       0
       0
       0
       0
       0
       0
       0
       0
       0
       0
       0
       0
       0
       0
       0
       0
       0
       0
       0
       0
       0
       0
       0
       0
       0
       0
       0
       0
       0
       0
       0
       0
       0
       0
       0
       0
       0
       0
       0
       0
       0
       0
       0
       0
       0
       0
       0
       0
       0
       0
       0
       0
       0
       0
       0
       0
       0
       0
       0
       0
       0
       0
       0
       0
       0
       0
       0
       0
       0
       0
       0
       0
       0
       0
       0
       0
       0
       0
       0
       0
       0
       0
       0
       0
       0
       0
       0
       0
       0
       0
       0
       0
       0
       0
       0
       0
       0
       0
       0
       0
       0
       0
       0
       0
       0
       0
       0
       0
       0
       0
       0
       0
       0
       0
       0
       0
       0
       0
       0
       0
       0
       0
       0
       0
       0
       0
       0
       0
       0
       0
       0
       0
       0
       0
       0
       0
       0
       0
       0
       0
       0
       0
       0
       0
       0
       0
       0
       0
       0
       0
       0
       0
       0
       0
       0
       0
       0
       0
       0
       0
       0
       0
       0
       0
       0
       0
       0
       0
       0
       0
       0
       0
       0
       0
       0
       0
       0
       0
       0
       0
       0
       0
       0
       0
       0
       0
       0
       0
       0
       0
       0
       0
       0
       0
       0
       0
       0
       0
       0
       0
       0
       0
       0
       0
       0
       0
       0
       0
       0
       0
       0
       0
       0
       0
       0
       0
       0
       0
       0
       0
       0
       0
       0
       0
       0
       0
       0
       0
       0
       0
       0
       0
       0
       0
       0
       0
       0
       0
       0
       0
       0
       0
       0
       0
       0
       0
       0
       0
       1
       0
       0
       0
       0
       0
       0
       0
       0
       0
       0
       0
       0
       0
       0
       0
       0
       0
       0
       0
       0
       0
       0
       0
       0
       0
       0
       0
       0
       0
       0
       0
       0
       0
       0
       0
       0
       0
       0
       0
       0
       0
       0
       0
       0
       0
       0
       0
       0
       0
       0
       0
       0
       0
       0
       0
       0
       0
       0
       0
       0
       0
       0
       0
       0
       0
       0
       0
       0
       0
       0
       0
       0
       0
       0
       0
       0
       0
       0
       0
       0
       0
       0
       0
       0
       0
       0
       0
       0
       0
       0
       0
       0
       0
       0
       0
       0
       0
       0
       0
       0
       0
       0
       0
       0
       0
       0
       0
       0
       0
       0
       0
       0
       0
       0
       0
       0
       0
       0
       0
       0
       0
       0
       0
       0
       0
       0
       0
       0
       0
       0
       0
       0
       0
       0
       0
       0
       0
       0
       0
       0
       0
       0
       0
       0
       0
       0
       0
       0
       0
       0
       0
       0
       0
       0
       0
       0
       0
       0
       0
       0
       0
       0
       0
       0
       0
       0
       0
       0
       0
       0
       0
       0
       0
       0
       0
       0
       0
       1
       0
       0
       0
       0
       0
       0
       0
       0
       0
       0
       0
       0
       0
       0
       0
       0
       0
       0
       0
       0
       0
       0
       0
       0
       0
       0
       0
       0
       0
       0
       0
       0
       0
       0
       0
       0
       0
       0
       0
       0
       0
       0
       0
       0
       0
       0
       0
       0
       0
       0
       0
       0
       0
       0
       0
       0
       0
       0
       0
       0
       0
       0
       0
       0
       0
       0
       0
       0
       0
       0
       0
       0
       0
       0
       0
       0
       0
       0
       0
       0
       0
       0
       0
       0
       0
       0
       0
       0
       0
       0
       0
       0
       0
       0
       0
       0
       0
       0
       0
       0
       0
       0
       0
       0
       0
       0
       0
       0
       0
       0
       0
       0
       0
       0
       0
       0
       0
       0
       0
       0
       0
       0
       0
       0
       0
       0
       0
       0
       0
       0
       0
       0
       0
       0
       0
       0
       0
       0
       0
       0
       0
       0
       0
       0
       0
       0
       0
       0
       0
       0
       0
       0
       0
       0
       0
       0
       0
       0
       0
       0
       0
       0
       0
       0
       0
       0
       0
       0
       0
       0
       0
       0
       0
       0
       0
       0
       0
       0
       0
       0
       0
       0
       0
       0
$ROI:
1
49 1635
$PRESETS:
None
0
0
$ENER_FIT:
0.000000 3.492040
$MCA_CAL:
3
0.000000E+000 3.492040E+000 0.000000E+000 keV
$SHAPE_CAL:
3
1.303160E+002 0.000000E+000 0.000000E+000
