$SPEC_ID:
No sample description was entered.
$SPEC_REM:
DET# 2
DETDESC# JLAB-18 MCB 131
AP# Maestro Version 7.01
$DATE_MEA:
12/05/2022 16:58:06
$MEAS_TIM:
518 521
$DATA:
0 2047
       0
       0
       0
       0
       0
       0
       0
       0
       0
       0
       0
       0
       0
       0
       0
       0
       0
       0
       0
       0
       0
       0
       0
       0
       0
       0
       0
       0
       0
       0
       0
       0
       0
       0
       0
       0
       0
       0
       0
       0
       0
       0
       0
       0
       0
       0
       0
       0
       0
       0
       0
       0
       0
       0
       0
       0
       0
       0
       0
       0
       0
       0
       0
       0
       0
       0
       0
       0
       0
       0
       0
       0
       0
       0
       0
       0
       0
       0
       0
       0
       0
       0
       0
       0
       0
       0
       0
       0
       0
       0
       0
       0
       0
       0
       0
       0
       0
       0
       0
       0
       0
       0
       0
       0
       0
       0
       0
       0
       1
       2
       3
       3
       5
       1
       1
       1
       2
       2
       3
       2
       2
       0
       1
       0
       1
       2
       0
       3
       2
       1
       2
       2
       4
       1
       0
       0
       2
       4
       1
       2
       1
       0
       0
       1
       2
       1
       0
       0
       1
       4
       1
       0
       1
       2
       2
       0
       0
       1
       1
       0
       2
       0
       1
       2
       1
       1
       0
       0
       1
       1
       2
       1
       2
       1
       1
       2
       1
       1
       2
       0
       1
       1
       1
       0
       4
       2
       3
       2
       1
       1
       2
       1
       1
       1
       1
       0
       0
       1
       0
       0
       1
       2
       1
       1
       1
       3
       1
       2
       0
       0
       0
       1
       1
       3
       1
       0
       0
       2
       0
       2
       2
       6
       3
       3
       0
       0
       1
       0
       0
       1
       2
       0
       0
       1
       0
       0
       0
       0
       1
       0
       1
       2
       3
       0
       0
       1
       1
       0
       1
       0
       1
       1
       0
       2
       0
       1
       0
       0
       1
       1
       2
       1
       0
       0
       1
       0
       1
       1
       2
       0
       1
       1
       1
       1
       1
       1
       0
       0
       1
       0
       0
       1
       0
       1
       0
       0
       0
       0
       0
       0
       0
       1
       0
       0
       1
       1
       1
       1
       0
       1
       1
       2
       2
       0
       0
       1
       3
       0
       0
       0
       1
       1
       1
       0
       1
       1
       0
       1
       0
       0
       2
       0
       2
       2
       0
       2
       2
       1
       0
       0
       1
       1
       0
       1
       0
       2
       1
       0
       2
       1
       0
       0
       1
       0
       3
       0
       4
       0
       0
       0
       0
       0
       1
       0
       0
       1
       0
       0
       0
       0
       4
       0
       0
       0
       0
       0
       1
       0
       1
       1
       0
       1
       0
       2
       0
       0
       1
       0
       1
       0
       1
       2
       1
       0
       2
       1
       1
       0
       1
       0
       3
       0
       0
       2
       2
       1
       0
       0
       1
       0
       0
       3
       0
       1
       0
       2
       2
       0
       0
       0
       2
       0
       1
       3
       0
       0
       0
       0
       3
       0
       0
       0
       0
       0
       0
       0
       1
       3
       1
       2
       0
       0
       0
       1
       0
       0
       0
       0
       0
       0
       0
       0
       0
       2
       1
       2
       1
       0
       1
       2
       1
       0
       1
       1
       0
       1
       0
       1
       1
       0
       0
       1
       1
       2
       1
       2
       1
       1
       0
       1
       3
       0
       0
       1
       1
       0
       0
       0
       1
       0
       0
       0
       1
       4
       0
       0
       0
       0
       1
       0
       2
       5
       0
       0
       1
       1
       0
       0
       0
       0
       1
       0
       0
       1
       2
       1
       3
       1
       1
       1
       1
       1
       0
       1
       3
       2
       0
       0
       2
       0
       2
       0
       0
       0
       0
       0
       0
       0
       0
       0
       0
       1
       0
       1
       2
       2
       0
       0
       4
       2
       0
       2
       1
       1
       1
       0
       1
       1
       0
       0
       3
       1
       1
       0
       1
       0
       1
       2
       2
       2
       0
       2
       0
       2
       1
       0
       1
       1
       3
       1
       1
       0
       1
       1
       1
       3
       0
       0
       1
       0
       0
       1
       0
       1
       0
       0
       0
       0
       1
       0
       3
       2
       1
       0
       1
       0
       2
       0
       0
       2
       3
       2
       1
       0
       1
       3
       1
       0
       0
       2
       0
       1
       2
       1
       1
       1
       0
       2
       0
       1
       3
       1
       3
       0
       0
       4
       0
       1
       1
       1
       1
       2
       0
       0
       1
       1
       1
       0
       2
       2
       1
       0
       3
       1
       0
       1
       1
       1
       1
       1
       2
       0
       2
       1
       2
       3
       0
       2
       2
       2
       4
       2
       1
       0
       1
       0
       0
       0
       1
       0
       1
       1
       0
       1
       1
       1
       2
       2
       0
       1
       0
       1
       3
       1
       1
       1
       2
       3
       2
       3
       1
       1
       2
       0
       0
       1
       2
       3
       3
       1
       0
       0
       0
       0
       2
       1
       2
       3
       2
       0
       0
       1
       0
       3
       2
       1
       2
       1
       3
       2
       0
       0
       0
       2
       3
       2
       2
       3
       0
       2
       2
       0
       1
       0
       1
       3
       3
       3
       1
       2
       0
       0
       2
       3
       5
       4
       4
       0
       5
       2
       4
       1
       1
       1
       2
       0
       2
       3
       3
       0
       0
       2
       2
       1
       1
       3
       2
       1
       2
       4
       1
       3
       2
       2
       1
       1
       4
       1
       2
       3
       3
       4
       2
       2
       1
       3
       2
       5
       4
       4
       4
       3
       1
       2
       1
       3
       0
       3
       5
       0
       2
       3
       2
       3
       0
       4
       1
       1
       3
       2
       1
       1
       1
       3
       4
       5
       7
       4
       5
       2
       2
       2
       2
       6
       1
       3
       5
       3
       4
       0
       6
       2
       5
       3
       4
       2
       1
       3
       0
       1
       2
       0
       5
       0
       5
       3
       4
       5
       3
       3
       6
       5
       4
       1
       2
       5
       1
       7
       4
       4
       6
       4
       4
       2
       6
       2
       9
       5
       2
       4
       6
       3
      10
       8
       5
       2
       7
       5
       5
       6
       4
       4
      12
       2
       4
       6
       3
       8
       1
       5
       8
       9
       6
      14
       7
       5
       7
       5
       5
       5
       5
       4
       9
       4
      12
       5
       7
       9
       8
      10
       4
       5
      10
       6
       4
       9
       7
       5
       6
      14
       9
      12
      12
      12
      12
       6
      10
       9
       8
      14
       9
       8
      13
      12
      15
       7
      10
       4
      13
      11
      14
       8
      11
       9
      18
      20
       9
       8
       7
       5
      15
      16
       7
      12
      22
      16
      14
      11
       9
      15
      14
      14
      28
      22
      32
      20
      16
      18
      19
      22
      20
      28
      26
      19
      19
      26
      27
      12
      27
      38
      20
      23
      18
      18
      27
      31
      23
      30
      24
      30
      25
      27
      29
      33
      22
      22
      32
      31
      26
      45
      42
      42
      33
      29
      28
      37
      44
      28
      32
      46
      42
      35
      50
      41
      53
      42
      44
      44
      46
      49
      59
      48
      52
      49
      63
      65
      65
      52
      59
      61
      61
      68
      69
      70
      70
      53
      59
      83
      67
      74
      76
      62
      66
      80
      75
      78
      79
      87
      78
      85
      79
      75
      98
      85
      69
     110
      94
      98
      91
     110
     119
     103
     106
      89
     122
     107
     108
     103
     124
     108
     105
     146
     123
     113
     127
     124
     127
     116
     128
     133
     120
     145
     119
     136
     130
     145
     115
     109
     120
     158
     121
     148
     143
     175
     140
     176
     154
     186
     159
     166
     146
     193
     158
     167
     150
     155
     155
     151
     189
     185
     180
     161
     189
     173
     173
     170
     177
     184
     189
     191
     169
     209
     173
     193
     203
     181
     194
     186
     195
     198
     204
     209
     191
     176
     188
     185
     215
     196
     201
     192
     204
     215
     195
     184
     191
     187
     195
     154
     189
     203
     181
     175
     195
     202
     178
     194
     169
     202
     190
     190
     179
     158
     195
     213
     183
     205
     182
     168
     186
     189
     208
     177
     154
     163
     170
     172
     168
     159
     160
     175
     157
     156
     166
     155
     147
     151
     133
     133
     132
     131
     127
     147
     118
     155
     121
     126
     141
     123
     133
     127
     134
     109
     131
     112
     104
      94
     124
     107
      82
     110
     104
     115
      94
      90
      95
      81
      89
      76
      84
      89
      87
      73
      86
      74
      81
      97
      69
      78
      74
      57
      54
      60
      57
      71
      57
      55
      59
      42
      48
      41
      47
      39
      54
      39
      37
      41
      45
      41
      39
      38
      35
      39
      30
      26
      31
      27
      32
      29
      28
      22
      23
      28
      16
      21
      18
      24
      16
      18
      16
      19
       8
      29
      13
      12
      14
      14
       6
       7
      11
       8
       9
      10
       9
      14
      13
       5
       8
       7
       7
       5
       1
       7
      13
       7
       4
       4
       3
       3
       6
       4
       4
       2
       3
       6
       4
       2
       3
       3
       3
       1
       6
       1
       1
       4
       4
       3
       3
       1
       0
       5
       2
       2
       0
       3
       1
       1
       0
       1
       2
       0
       0
       1
       0
       0
       0
       1
       1
       0
       0
       0
       0
       0
       0
       1
       0
       2
       1
       1
       0
       0
       0
       0
       0
       0
       0
       0
       0
       0
       0
       0
       0
       0
       0
       0
       0
       0
       0
       0
       0
       0
       0
       0
       0
       0
       0
       0
       0
       0
       0
       0
       0
       0
       0
       0
       0
       0
       0
       0
       0
       0
       0
       0
       0
       0
       0
       0
       0
       0
       0
       0
       1
       0
       0
       0
       0
       0
       0
       0
       0
       0
       0
       0
       0
       0
       0
       0
       0
       0
       0
       0
       0
       0
       0
       0
       0
       1
       0
       0
       0
       0
       0
       0
       0
       0
       1
       0
       0
       0
       0
       0
       0
       0
       0
       0
       0
       0
       0
       0
       0
       0
       0
       0
       0
       0
       0
       0
       0
       0
       0
       0
       0
       0
       0
       0
       0
       0
       0
       0
       0
       0
       0
       0
       0
       0
       0
       0
       0
       0
       0
       0
       0
       0
       0
       0
       0
       0
       0
       0
       0
       0
       0
       0
       0
       0
       0
       0
       0
       0
       0
       0
       0
       0
       0
       0
       0
       0
       0
       0
       0
       0
       0
       0
       0
       0
       0
       0
       0
       0
       0
       0
       0
       0
       0
       0
       0
       0
       0
       0
       0
       0
       0
       0
       0
       0
       0
       0
       0
       0
       0
       0
       0
       0
       0
       0
       0
       0
       0
       0
       0
       0
       0
       0
       0
       0
       0
       0
       0
       0
       0
       0
       0
       0
       0
       0
       0
       0
       0
       0
       0
       0
       0
       0
       0
       0
       0
       0
       0
       0
       0
       0
       0
       0
       0
       0
       0
       0
       0
       0
       0
       0
       0
       0
       0
       0
       0
       0
       0
       0
       0
       0
       0
       0
       0
       0
       0
       0
       0
       0
       0
       0
       0
       0
       0
       0
       0
       0
       0
       0
       0
       0
       0
       0
       0
       0
       0
       0
       0
       0
       0
       0
       0
       0
       0
       0
       0
       0
       0
       0
       0
       0
       0
       0
       0
       0
       0
       0
       0
       0
       0
       0
       0
       0
       0
       0
       0
       0
       0
       0
       0
       0
       0
       0
       0
       0
       0
       0
       0
       0
       0
       0
       0
       0
       0
       0
       0
       0
       0
       0
       0
       0
       0
       0
       0
       0
       0
       0
       0
       0
       0
       0
       0
       0
       0
       0
       0
       0
       0
       0
       0
       0
       0
       0
       0
       0
       0
       0
       0
       0
       0
       0
       0
       0
       0
       0
       0
       0
       0
       0
       0
       0
       0
       0
       0
       0
       0
       0
       0
       0
       0
       0
       0
       0
       0
       0
       0
       0
       0
       0
       0
       0
       0
       0
       0
       0
       0
       0
       0
       0
       0
       0
       0
       0
       0
       0
       0
       0
       0
       0
       0
       0
       0
       0
       0
       0
       0
       0
       0
       0
       0
       0
       0
       0
       0
       0
       0
       0
       0
       0
       0
       0
       0
       0
       0
       0
       0
       0
       0
       0
       0
       0
       0
       0
       0
       0
       0
       0
       0
       0
       0
       0
       0
       0
       0
       0
       0
       0
       0
       0
       0
       0
       0
       0
       0
       0
       0
       0
       0
       0
       0
       0
       0
       0
       0
       0
       0
       0
       0
       0
       0
       0
       0
       0
       0
       0
       0
       0
       0
       0
       0
       0
       0
       0
       0
       0
       0
       0
       0
       0
       0
       0
       0
       0
       0
       0
       0
       0
       0
       0
       0
       0
       0
       0
       0
       0
       0
       0
       0
       0
       0
       0
       0
       0
       0
       0
       0
       0
       0
       0
       0
       0
       0
       0
       0
       0
       0
       0
       0
       0
       0
       0
       0
       0
       0
       0
       0
       0
       0
       0
       0
       0
       0
       0
       0
       0
       0
       0
       0
       0
       0
       0
       0
       0
       0
       0
       0
       0
       0
       0
       0
       0
       0
       0
       0
       0
       0
       0
       0
       0
       0
       0
       0
       0
       0
       0
       0
       0
       0
       0
       0
       0
       0
       0
       0
       0
       0
       0
       0
       0
       0
       0
       0
       0
       0
       0
       0
       0
       0
       0
       0
       0
       0
       0
       0
       0
       0
       0
       0
       0
       0
       0
       0
       0
       0
       0
       0
       0
       0
       0
       0
       0
       0
       0
       0
       0
       0
       0
       0
       0
       0
       0
       0
       0
       0
       0
       0
       0
       0
       0
       0
       0
       0
       0
       0
       0
       0
       0
       0
       0
       0
       0
       0
       0
       0
       0
       0
       0
       0
       0
       0
       0
       0
       0
       0
       0
       0
       0
       0
       0
       0
       0
       0
       0
       0
       0
       0
       0
       0
       0
       0
       0
       0
       0
       0
       0
       0
       0
       0
       0
$ROI:
1
49 1635
$PRESETS:
None
0
0
$ENER_FIT:
0.000000 3.492040
$MCA_CAL:
3
0.000000E+000 3.492040E+000 0.000000E+000 keV
$SHAPE_CAL:
3
1.303160E+002 0.000000E+000 0.000000E+000
