$SPEC_ID:
No sample description was entered.
$SPEC_REM:
DET# 2
DETDESC# JLAB-18 MCB 131
AP# Maestro Version 7.01
$DATE_MEA:
12/05/2022 17:08:22
$MEAS_TIM:
304 306
$DATA:
0 2047
       0
       0
       0
       0
       0
       0
       0
       0
       0
       0
       0
       0
       0
       0
       0
       0
       0
       0
       0
       0
       0
       0
       0
       0
       0
       0
       0
       0
       0
       0
       0
       0
       0
       0
       0
       0
       0
       0
       0
       0
       0
       0
       0
       0
       0
       0
       0
       0
       0
       0
       0
       0
       0
       0
       0
       0
       0
       0
       0
       0
       0
       0
       0
       0
       0
       0
       0
       0
       0
       0
       0
       0
       0
       0
       0
       0
       0
       0
       0
       0
       0
       0
       0
       0
       0
       0
       0
       0
       1
       0
       0
       0
       0
       0
       0
       0
       0
       0
       0
       0
       0
       0
       0
       0
       0
       0
       0
       0
       1
       0
       1
       0
       2
       1
       0
       1
       2
       0
       1
       1
       1
       1
       1
       0
       1
       1
       0
       1
       0
       0
       0
       0
       0
       0
       1
       1
       0
       1
       0
       1
       3
       0
       1
       1
       1
       1
       1
       1
       1
       0
       0
       1
       0
       2
       0
       0
       0
       0
       0
       2
       0
       1
       0
       0
       0
       0
       0
       0
       1
       0
       0
       0
       0
       0
       0
       1
       0
       2
       0
       0
       1
       0
       1
       1
       0
       0
       0
       0
       0
       1
       0
       0
       0
       1
       1
       1
       1
       0
       0
       1
       0
       0
       0
       1
       1
       0
       0
       0
       1
       0
       0
       0
       0
       0
       1
       0
       0
       1
       0
       1
       0
       1
       1
       0
       0
       0
       0
       0
       0
       0
       0
       0
       0
       0
       0
       0
       0
       0
       1
       0
       0
       0
       1
       1
       0
       0
       3
       1
       0
       0
       0
       0
       2
       0
       0
       1
       1
       0
       0
       0
       0
       0
       0
       0
       0
       0
       0
       0
       1
       0
       0
       0
       1
       0
       1
       0
       0
       0
       1
       0
       2
       0
       0
       0
       0
       0
       0
       0
       1
       1
       0
       0
       0
       0
       0
       0
       1
       0
       2
       0
       0
       0
       0
       0
       1
       0
       0
       0
       0
       1
       0
       1
       0
       0
       0
       0
       0
       0
       0
       0
       0
       1
       0
       0
       0
       0
       0
       0
       0
       0
       2
       1
       0
       0
       0
       0
       1
       3
       0
       0
       0
       1
       0
       0
       0
       1
       0
       0
       0
       0
       0
       0
       1
       1
       0
       0
       2
       1
       0
       0
       0
       0
       1
       0
       0
       0
       0
       0
       0
       0
       0
       0
       0
       0
       0
       0
       2
       0
       0
       0
       0
       0
       0
       1
       0
       0
       0
       0
       0
       0
       1
       0
       0
       1
       0
       1
       0
       0
       0
       0
       0
       0
       0
       0
       0
       0
       0
       0
       0
       1
       0
       0
       0
       0
       1
       1
       0
       0
       1
       0
       0
       0
       0
       0
       3
       0
       0
       0
       0
       0
       0
       0
       1
       0
       0
       0
       0
       0
       0
       0
       0
       0
       0
       0
       0
       0
       0
       1
       0
       0
       1
       1
       0
       2
       0
       0
       1
       0
       0
       2
       0
       1
       1
       0
       1
       0
       0
       0
       0
       0
       0
       0
       1
       0
       0
       0
       0
       0
       1
       0
       2
       0
       1
       1
       0
       0
       1
       1
       0
       2
       1
       0
       1
       1
       0
       0
       1
       0
       0
       0
       0
       0
       0
       0
       0
       1
       0
       0
       0
       1
       0
       1
       0
       0
       1
       0
       1
       0
       1
       1
       0
       1
       1
       0
       0
       1
       0
       1
       1
       2
       1
       1
       1
       3
       1
       3
       0
       0
       1
       1
       4
       1
       1
       1
       0
       0
       0
       2
       2
       0
       1
       0
       0
       0
       1
       0
       0
       1
       2
       0
       0
       0
       0
       0
       1
       0
       1
       0
       0
       0
       0
       0
       0
       2
       1
       0
       1
       2
       2
       1
       1
       0
       1
       0
       0
       1
       1
       2
       1
       1
       0
       1
       1
       1
       1
       0
       0
       3
       0
       0
       0
       0
       0
       0
       2
       1
       0
       0
       0
       2
       2
       1
       0
       0
       0
       2
       0
       0
       2
       0
       0
       0
       0
       1
       0
       2
       0
       0
       0
       1
       1
       1
       1
       1
       1
       1
       0
       1
       0
       0
       0
       0
       2
       1
       3
       0
       1
       1
       2
       0
       1
       2
       0
       0
       0
       0
       1
       1
       2
       1
       0
       1
       0
       1
       0
       0
       0
       0
       0
       0
       0
       1
       0
       3
       1
       0
       1
       0
       1
       0
       2
       0
       0
       0
       0
       0
       1
       0
       0
       0
       0
       2
       2
       0
       0
       1
       2
       0
       1
       0
       0
       1
       2
       0
       0
       0
       3
       0
       0
       2
       2
       1
       0
       0
       0
       0
       2
       0
       0
       0
       0
       1
       0
       2
       1
       2
       0
       1
       1
       2
       0
       2
       0
       0
       1
       1
       0
       1
       0
       2
       0
       3
       1
       1
       2
       0
       1
       2
       0
       1
       0
       0
       2
       0
       0
       3
       0
       1
       0
       0
       1
       1
       1
       1
       1
       3
       0
       2
       1
       1
       1
       0
       0
       1
       1
       1
       3
       1
       1
       0
       1
       1
       0
       2
       0
       1
       1
       3
       2
       1
       0
       0
       0
       2
       4
       0
       1
       1
       0
       0
       1
       0
       3
       2
       0
       3
       1
       1
       2
       1
       1
       0
       1
       0
       2
       1
       1
       1
       2
       1
       1
       1
       1
       0
       1
       2
       0
       1
       0
       1
       0
       3
       0
       3
       2
       1
       0
       1
       2
       1
       2
       1
       3
       0
       0
       0
       3
       1
       2
       2
       3
       2
       4
       5
       5
       3
       1
       2
       0
       1
       1
       2
       1
       3
       2
       5
       3
       2
       0
       1
       2
       5
       2
       5
       2
       2
       3
       5
       1
       3
       3
       2
       0
       3
       1
       2
       2
       2
       7
       2
       5
       4
       5
       5
       6
       1
       3
       2
       2
       3
       1
       3
       2
       4
       1
       3
       1
       3
       1
       0
       2
       2
       4
       5
       2
       3
       8
       3
       3
       5
       3
       3
       4
       7
       5
       1
       4
       5
       4
       5
      12
       8
       3
       6
       4
       8
       5
       3
       7
       6
       7
       5
       8
       4
       6
       5
       5
       2
       7
       4
       6
      10
       8
       9
       5
       4
       6
       7
       9
       5
       9
      10
       8
       8
      13
       8
      13
      13
       7
      15
      15
      11
      15
      12
      15
      12
      13
       9
      14
      13
       6
      13
      13
      11
      11
      13
      12
      12
      18
       9
      11
      13
       9
      18
      18
      21
      13
      13
      15
      25
      16
      17
      20
      16
      21
      20
      23
      27
      25
      19
      15
      15
      24
      15
      27
      22
      12
      28
      31
      24
      26
      24
      22
      23
      29
      26
      32
      18
      30
      29
      39
      40
      33
      33
      31
      36
      32
      47
      32
      49
      37
      39
      36
      37
      44
      42
      45
      43
      40
      40
      45
      39
      57
      41
      39
      38
      60
      43
      48
      42
      45
      43
      48
      48
      52
      53
      56
      56
      54
      51
      57
      66
      63
      70
      49
      61
      61
      61
      63
      58
      65
      74
      57
      63
      66
      60
      59
      74
      67
      63
      72
      76
      62
      68
      89
      74
      75
      81
      72
      82
      73
      63
      71
      83
     100
      95
      74
      75
      87
      69
      72
      89
      87
      88
      92
      71
      90
      90
      89
      83
      76
      84
      93
      90
      75
      95
      98
      87
      75
      83
      86
      95
     107
     100
      91
      71
     100
     103
      94
      78
      79
      99
      95
     113
      95
      88
      85
      98
      98
      91
      90
     114
      81
      79
     110
      86
      98
      96
     105
      92
     108
      93
      80
      87
      92
      88
      76
      97
      98
      82
      83
      92
      91
      92
      74
      86
      68
      74
      81
      85
      80
      90
      63
      57
      85
      74
      90
      61
      61
      78
      66
      73
      55
      50
      60
      62
      51
      51
      60
      59
      53
      65
      50
      59
      57
      55
      57
      48
      46
      48
      45
      53
      52
      47
      40
      44
      46
      36
      34
      38
      43
      36
      36
      35
      40
      29
      29
      39
      33
      30
      39
      26
      32
      31
      30
      28
      18
      36
      24
      24
      22
      19
      21
      27
      14
       9
      12
      13
       9
      21
      13
      15
      17
      19
      10
      11
      15
       9
       9
      13
       8
      16
      14
      11
      10
      11
       9
       8
       8
       6
       7
       7
       5
      12
       7
       5
       1
       5
       3
       6
       1
       7
       1
       3
       4
       3
       4
       5
       3
       2
       4
       2
       3
       2
       5
       6
       4
       3
       2
       0
       3
       2
       2
       1
       0
       1
       1
       3
       2
       2
       2
       0
       0
       1
       0
       1
       2
       1
       1
       0
       1
       1
       0
       1
       0
       0
       1
       0
       0
       0
       1
       0
       0
       0
       0
       0
       0
       0
       1
       2
       0
       0
       0
       0
       0
       0
       0
       0
       0
       0
       0
       0
       1
       0
       0
       0
       0
       0
       0
       0
       0
       1
       0
       0
       0
       0
       0
       1
       0
       0
       0
       0
       0
       0
       0
       0
       0
       0
       0
       0
       0
       0
       0
       0
       0
       0
       0
       0
       0
       0
       1
       0
       0
       0
       0
       0
       0
       0
       0
       0
       0
       0
       0
       0
       0
       0
       0
       0
       0
       0
       0
       0
       0
       0
       0
       0
       0
       0
       0
       0
       0
       0
       0
       0
       0
       0
       0
       0
       0
       0
       0
       0
       0
       0
       0
       0
       0
       0
       0
       0
       0
       0
       0
       0
       0
       0
       0
       0
       0
       0
       0
       0
       0
       0
       0
       0
       0
       0
       0
       0
       0
       0
       0
       0
       0
       0
       0
       0
       0
       0
       0
       0
       0
       0
       0
       0
       0
       0
       0
       0
       0
       0
       0
       0
       0
       0
       0
       0
       0
       0
       0
       0
       0
       0
       0
       0
       0
       0
       0
       0
       0
       0
       0
       0
       0
       0
       0
       0
       0
       0
       0
       0
       0
       0
       0
       0
       0
       0
       0
       0
       0
       1
       0
       0
       0
       0
       0
       0
       0
       0
       0
       0
       0
       0
       0
       0
       0
       0
       0
       0
       0
       0
       0
       0
       0
       0
       0
       0
       0
       0
       0
       0
       0
       0
       0
       0
       0
       0
       0
       0
       0
       0
       0
       0
       0
       0
       0
       0
       0
       0
       0
       0
       0
       0
       0
       0
       0
       0
       0
       0
       0
       0
       0
       0
       0
       0
       0
       0
       0
       0
       0
       0
       0
       0
       0
       0
       0
       0
       0
       0
       0
       0
       0
       0
       0
       0
       0
       0
       0
       0
       0
       0
       0
       0
       0
       0
       0
       0
       0
       0
       0
       0
       0
       0
       0
       0
       0
       0
       0
       0
       0
       0
       0
       0
       0
       0
       0
       0
       0
       0
       0
       0
       0
       0
       0
       0
       0
       0
       0
       0
       0
       0
       0
       0
       0
       0
       0
       0
       0
       0
       0
       0
       0
       0
       0
       0
       0
       0
       0
       0
       0
       0
       0
       0
       0
       0
       0
       0
       0
       0
       0
       0
       0
       0
       0
       0
       0
       0
       0
       0
       0
       0
       0
       0
       0
       0
       0
       0
       0
       0
       0
       0
       0
       0
       0
       0
       0
       0
       0
       0
       0
       0
       0
       0
       0
       0
       0
       0
       0
       0
       0
       0
       0
       0
       0
       0
       0
       0
       0
       0
       0
       0
       0
       0
       0
       0
       0
       0
       0
       0
       0
       0
       0
       0
       0
       0
       0
       0
       0
       0
       0
       0
       0
       0
       0
       0
       0
       0
       0
       0
       0
       0
       0
       0
       0
       0
       0
       0
       0
       0
       0
       0
       0
       0
       0
       0
       0
       0
       0
       0
       0
       0
       0
       0
       0
       0
       0
       0
       0
       0
       0
       0
       0
       0
       0
       0
       0
       0
       0
       0
       0
       0
       0
       0
       0
       0
       0
       0
       0
       0
       0
       0
       0
       0
       0
       0
       0
       0
       0
       0
       0
       0
       0
       0
       0
       0
       0
       0
       0
       0
       0
       0
       0
       0
       0
       0
       0
       0
       0
       0
       0
       0
       0
       0
       0
       0
       0
       0
       0
       0
       0
       0
       0
       0
       0
       0
       0
       0
       0
       0
       0
       0
       0
       0
       0
       0
       0
       0
       0
       0
       0
       0
       0
       0
       0
       0
       0
       0
       0
       0
       0
       0
       0
       0
       0
       0
       0
       0
       0
       0
       0
       0
       0
       0
       0
       0
       0
       0
       0
       0
       0
       0
       0
       0
       0
       0
       0
       0
       0
       0
       0
       0
       0
       0
       0
       0
       0
       0
       0
       0
       0
       0
       0
       0
       0
       0
       0
       0
       0
       0
       0
       0
       0
       0
       0
       0
       0
       0
       0
       0
       0
       0
       0
       0
       0
       0
       0
       0
       0
       0
       0
       0
       0
       0
       0
       0
       0
       0
       0
       0
       0
       0
       0
       0
       0
       0
       0
       0
       0
       0
       0
       0
       0
       0
       0
       0
       0
       0
       0
       0
       0
       0
       0
       0
       0
       0
       0
       0
       0
       0
       0
       0
       0
       0
       0
       0
       0
       0
       0
       0
       0
       0
       0
       0
       0
       0
       0
       0
       0
       0
       0
       0
       0
       0
       0
       0
       0
       0
       0
       0
       0
       0
       0
       0
       0
       0
       0
       0
       0
       0
       0
       0
       0
       0
       0
       0
       0
       0
       0
       0
       0
       0
       0
       0
       0
       0
       0
       0
$ROI:
1
49 1635
$PRESETS:
None
0
0
$ENER_FIT:
0.000000 3.492040
$MCA_CAL:
3
0.000000E+000 3.492040E+000 0.000000E+000 keV
$SHAPE_CAL:
3
1.303160E+002 0.000000E+000 0.000000E+000
