$SPEC_ID:
No sample description was entered.
$SPEC_REM:
DET# 2
DETDESC# JLAB-18 MCB 131
AP# Maestro Version 7.01
$DATE_MEA:
12/09/2022 13:52:32
$MEAS_TIM:
1123 1127
$DATA:
0 2047
       0
       0
       0
       0
       0
       0
       0
       0
       0
       0
       0
       0
       0
       0
       0
       0
       0
       0
       0
       0
       0
       0
       0
       0
       0
       0
       0
       0
       0
       0
       0
       0
       0
       0
       0
       0
       0
       0
       0
       0
       0
       0
       0
       0
       0
       0
       0
       0
       0
       0
       0
       0
       0
       0
       0
       0
       0
       0
       0
       0
       0
       0
       0
       0
       0
       0
       0
       0
       0
       0
       0
       0
       0
       0
       0
       0
       0
       0
       0
       0
       0
       0
       0
       0
       0
       0
       0
       0
       0
       0
       0
       0
       0
       0
       0
       0
       0
       0
       0
       0
       0
       0
       0
       0
       0
       0
       0
       0
       0
       3
       7
       6
       6
       6
       5
       4
       3
      10
       5
       3
       5
       4
       4
       1
       3
       2
       4
       2
       5
       3
       5
       4
       6
       3
       3
       0
       2
       6
       0
       2
       2
       3
       0
       2
       1
       2
       2
       0
       0
       1
       2
       1
       5
       2
       2
       1
       1
       1
       2
       4
       5
       1
       1
       1
       1
       2
       1
       2
       4
       0
       2
       3
       1
       1
       1
       1
       3
       3
       2
       2
       1
       2
       1
       0
       1
       2
       0
       1
       0
       1
       2
       1
       2
       1
       1
       1
       0
       1
       3
       0
       1
       3
       1
       5
       1
       0
       2
       1
       3
       2
       1
       1
       0
       1
       0
       2
       3
       2
       1
       1
       2
       1
       1
       2
       3
       2
       0
       1
       3
       1
       1
       0
       2
       1
       2
       1
       1
       1
       2
       0
       0
       2
       1
       0
       0
       0
       2
       1
       1
       1
       1
       1
       1
       0
       2
       1
       1
       0
       2
       2
       0
       2
       0
       2
       2
       1
       0
       2
       1
       0
       1
       1
       2
       5
       1
       1
       1
       1
       0
       2
       2
       1
       0
       0
       3
       1
       1
       0
       3
       4
       2
       1
       0
       1
       2
       0
       0
       1
       0
       4
       2
       1
       1
       1
       1
       1
       1
       1
       0
       2
       1
       2
       2
       2
       1
       0
       2
       2
       1
       0
       2
       2
       0
       3
       5
       0
       1
       3
       2
       2
       0
       0
       3
       3
       1
       0
       3
       4
       3
       3
       0
       1
       1
       1
       2
       2
       3
       2
       0
       3
       2
       3
       1
       3
       0
       1
       1
       2
       2
       3
       3
       1
       4
       0
       2
       1
       3
       3
       0
       3
       1
       0
       0
       1
       3
       2
       2
       3
       4
       1
       2
       1
       1
       2
       3
       1
       0
       2
       2
       1
       1
       0
       0
       1
       4
       2
       2
       4
       0
       1
       2
       2
       0
       2
       3
       5
       1
       1
       1
       0
       1
       0
       1
       3
       6
       4
       2
       1
       1
       2
       3
       0
       0
       2
       2
       2
       0
       3
       2
       1
       2
       2
       3
       2
       3
       6
       0
       0
       2
       4
       5
       1
       4
       3
       1
       1
       3
       1
       1
       1
       3
       3
       2
       1
       2
       2
       2
       0
       2
       5
       1
       1
       2
       3
       3
       1
       5
       2
       1
       1
       1
       3
       3
       2
       3
       1
       2
       2
       4
       2
       1
       7
       3
       5
       0
       6
       5
       3
       1
       2
       2
       3
       1
       3
       5
       3
       3
       3
       5
       9
       0
       2
       2
       5
       3
       5
       2
       2
       1
       4
       3
       3
       3
       2
       4
       5
       8
       3
       5
       4
       6
       7
       4
       5
       2
       5
       5
       1
       4
       2
       6
       4
      10
       3
       7
       7
       4
       5
       0
       5
       2
       4
       6
       6
       2
       5
       5
      13
       5
       5
       2
       7
       5
       8
       5
       8
       4
       7
       6
       7
       5
       8
       3
       5
       6
       7
       5
       1
       3
       5
       8
      10
       1
       8
       5
       3
       7
       4
       6
       6
       5
       4
      10
       2
       6
      13
       8
      10
       8
       5
       5
       6
       4
       6
       8
      13
      11
       9
      14
       4
       9
       6
       8
       8
      10
       7
      11
       5
       9
       7
      11
       3
       8
       9
       4
      10
      13
      10
      11
       7
       4
       6
       5
       2
       5
      13
       8
       7
       7
       9
      12
      10
       9
      13
      11
      10
       7
       7
      12
      12
       8
      10
      13
       8
      17
       5
      11
      11
      15
      11
      10
      12
       8
      14
      13
      16
      15
      11
      18
      13
      11
      13
      13
      21
      11
      15
      14
      11
      18
      13
      18
      15
      21
      20
      17
      26
      23
      22
      11
      21
      16
      24
      10
      21
      17
      22
      24
      16
      17
      16
      23
      21
      23
      17
      19
      27
      23
      21
      16
      32
      26
      31
      21
      25
      23
      30
      24
      16
      25
      24
      30
      34
      32
      22
      32
      30
      34
      33
      21
      31
      35
      34
      32
      36
      30
      45
      36
      31
      33
      43
      36
      35
      32
      47
      33
      35
      40
      34
      30
      42
      36
      37
      47
      43
      50
      42
      45
      46
      61
      48
      45
      40
      45
      43
      44
      48
      53
      54
      47
      53
      51
      51
      52
      53
      56
      46
      56
      62
      60
      54
      55
      57
      62
      62
      73
      69
      60
      67
      58
      74
      68
      84
      66
      69
      75
      65
      57
      72
      70
      82
      64
      65
      89
      69
      81
      80
      75
      88
      86
      59
      94
      90
      79
      95
      88
      79
      87
     105
      83
      87
     103
     110
      99
     105
      76
      95
     102
     102
     100
      98
     100
     113
     105
     106
     100
      96
     109
     124
     117
     109
     109
     114
     115
     110
     112
     117
     132
     147
     120
     131
     128
     134
     115
     117
     123
     127
     145
     133
     114
     135
     113
     125
     138
     125
     124
     126
     139
     148
     145
     155
     160
     147
     144
     157
     139
     130
     155
     155
     150
     149
     151
     151
     156
     160
     163
     173
     171
     159
     177
     188
     174
     174
     179
     179
     184
     175
     167
     177
     184
     196
     183
     188
     178
     182
     178
     177
     187
     183
     179
     185
     191
     185
     175
     211
     157
     186
     179
     203
     200
     199
     203
     199
     186
     196
     196
     188
     206
     202
     177
     189
     209
     193
     187
     199
     209
     214
     208
     200
     181
     216
     175
     222
     211
     236
     186
     208
     192
     218
     182
     208
     208
     179
     201
     194
     189
     199
     222
     226
     220
     203
     185
     198
     179
     231
     191
     182
     203
     205
     169
     193
     211
     179
     181
     188
     207
     200
     193
     183
     188
     199
     176
     181
     192
     203
     158
     168
     198
     178
     172
     167
     165
     175
     174
     184
     172
     170
     177
     162
     138
     148
     179
     175
     145
     161
     160
     175
     150
     175
     148
     179
     154
     155
     145
     155
     159
     137
     123
     154
     120
     145
     130
     130
     155
     129
     127
     142
     133
     135
     117
     133
     121
     106
     124
     127
     130
     128
     101
     118
     105
     127
     107
     118
     103
     111
      93
      95
     105
      76
      96
      93
      90
     103
      94
      89
      88
      88
      88
      93
      94
      84
      75
      80
      86
      78
      80
      74
      73
      74
      69
      70
      81
      67
      53
      59
      52
      65
      63
      59
      56
      80
      62
      56
      46
      52
      46
      56
      54
      43
      47
      45
      52
      41
      44
      42
      41
      29
      39
      33
      34
      43
      34
      29
      32
      29
      37
      27
      25
      29
      37
      24
      25
      21
      33
      21
      23
      27
      28
      16
      18
      27
      18
      21
      19
      22
      26
      16
      15
      18
      20
      16
      14
      11
       8
       9
      12
      16
       9
      10
      13
      11
      14
      10
       9
      13
      17
      12
       7
       5
      14
       5
       4
       8
       7
       6
       9
       7
      12
       7
       7
      11
       1
      10
       4
       3
       4
       1
       2
       3
       5
       5
       3
       2
       4
       7
       3
       1
       2
       5
       5
       4
       4
       3
       4
       4
       2
       5
       2
       2
       2
       1
       5
       3
       3
       3
       4
       1
       3
       0
       2
       2
       2
       1
       1
       1
       0
       1
       0
       0
       0
       3
       0
       1
       1
       1
       1
       3
       0
       2
       1
       0
       1
       0
       2
       0
       1
       0
       1
       1
       4
       0
       1
       1
       1
       1
       2
       0
       0
       0
       2
       0
       0
       0
       0
       0
       1
       0
       0
       0
       0
       1
       3
       0
       0
       1
       3
       0
       1
       0
       0
       2
       0
       0
       0
       1
       2
       1
       1
       0
       0
       1
       0
       0
       0
       1
       3
       0
       0
       1
       0
       0
       0
       1
       2
       0
       0
       0
       0
       1
       0
       0
       0
       0
       0
       0
       0
       0
       0
       0
       1
       0
       0
       0
       0
       1
       0
       0
       0
       0
       0
       0
       1
       0
       0
       0
       0
       0
       0
       0
       0
       0
       1
       0
       0
       0
       0
       0
       0
       0
       0
       0
       1
       0
       0
       0
       0
       0
       0
       0
       0
       2
       0
       0
       0
       0
       0
       0
       1
       0
       0
       0
       0
       0
       0
       1
       0
       0
       0
       0
       0
       0
       0
       0
       0
       0
       0
       0
       0
       0
       0
       0
       0
       0
       0
       0
       0
       0
       0
       0
       0
       0
       0
       0
       0
       0
       0
       0
       0
       0
       0
       0
       0
       0
       0
       0
       0
       0
       0
       0
       0
       0
       0
       0
       0
       0
       0
       0
       0
       0
       0
       0
       0
       0
       1
       0
       0
       0
       0
       0
       0
       0
       0
       0
       0
       0
       0
       0
       0
       0
       0
       0
       0
       0
       0
       0
       0
       0
       0
       0
       0
       0
       0
       0
       0
       0
       0
       0
       0
       0
       0
       0
       0
       0
       0
       0
       0
       0
       0
       0
       0
       0
       0
       0
       0
       0
       0
       0
       0
       0
       0
       0
       0
       0
       0
       0
       0
       0
       0
       0
       0
       0
       0
       0
       0
       0
       0
       0
       0
       0
       0
       0
       0
       0
       0
       0
       0
       0
       0
       0
       0
       0
       0
       0
       0
       0
       0
       0
       0
       0
       0
       0
       0
       0
       0
       0
       0
       0
       0
       0
       0
       0
       0
       0
       0
       0
       0
       0
       0
       0
       0
       0
       0
       0
       0
       0
       0
       0
       0
       0
       0
       0
       0
       0
       0
       0
       0
       0
       0
       0
       0
       0
       0
       1
       0
       0
       0
       0
       0
       0
       0
       0
       0
       0
       0
       0
       0
       0
       0
       0
       0
       0
       0
       0
       0
       0
       0
       0
       0
       0
       0
       0
       0
       0
       0
       0
       0
       0
       0
       0
       0
       0
       0
       0
       0
       0
       0
       0
       0
       0
       0
       0
       0
       0
       0
       0
       0
       0
       1
       0
       0
       0
       0
       0
       0
       0
       0
       0
       0
       0
       0
       0
       0
       0
       0
       0
       0
       0
       0
       0
       0
       0
       0
       0
       0
       0
       0
       0
       0
       0
       0
       0
       0
       0
       0
       0
       0
       0
       0
       0
       0
       0
       0
       0
       0
       0
       0
       0
       0
       0
       0
       0
       0
       0
       0
       0
       0
       0
       0
       0
       0
       0
       0
       0
       0
       0
       0
       0
       0
       0
       0
       0
       0
       0
       0
       0
       0
       0
       0
       0
       0
       0
       0
       0
       0
       0
       0
       0
       0
       0
       0
       0
       0
       0
       0
       0
       0
       0
       0
       0
       0
       0
       0
       0
       0
       0
       0
       0
       0
       0
       0
       0
       0
       0
       0
       0
       0
       0
       0
       0
       0
       0
       0
       0
       0
       0
       0
       0
       0
       0
       0
       0
       0
       0
       0
       0
       0
       0
       0
       0
       1
       0
       0
       0
       0
       0
       0
       0
       0
       0
       0
       0
       0
       0
       0
       0
       0
       0
       0
       0
       0
       0
       0
       0
       0
       0
       0
       0
       0
       0
       0
       0
       0
       0
       0
       0
       0
       0
       0
       0
       0
       0
       0
       0
       0
       0
       0
       0
       0
       0
       0
       0
       0
       0
       0
       0
       0
       0
       0
       0
       0
       0
       0
       0
       0
       0
       0
       0
       0
       0
       0
       0
       0
       0
       0
       0
       0
       0
       0
       0
       0
       0
       0
       0
       0
       0
       0
       0
       0
       0
       0
       0
       0
       0
       0
       0
       0
       0
       0
       0
       0
       0
       0
       0
       0
       0
       0
       0
       0
       0
       0
       0
       0
       0
       0
       0
       0
       0
       0
       0
       0
       0
       0
       0
       0
       0
       0
       0
       0
       0
       0
       0
       0
       0
       0
       0
       0
       0
       0
       0
       0
       0
       0
       0
       0
       0
       0
       0
       0
       0
       0
       0
       0
       0
       0
       0
       0
       0
       0
       0
       0
       0
       0
       0
       0
       0
       0
       0
       0
       0
       0
       0
       0
       0
       0
       0
       0
       0
       0
       0
       0
       0
       0
       0
       0
       0
       0
       0
       0
       0
       0
       0
       0
       0
       0
       0
       0
       0
       0
       0
       0
       0
       0
       0
       0
       0
       0
       0
       0
       0
       0
       0
       0
       0
       0
       0
       0
       0
       0
       0
       0
       0
       0
       0
       0
       0
       0
       0
       0
       0
       0
       0
       0
       0
       0
       0
       0
       0
       0
       0
       0
       0
       0
       0
       0
       0
       0
       0
       0
       0
       0
       0
       0
       0
       0
       0
       0
       0
       0
       0
       0
       0
       0
       0
       0
       0
       0
       0
       0
       0
       0
       0
       0
       0
       0
       0
       0
       0
       0
       0
       0
       0
       0
       0
       0
       0
       0
       0
       0
       0
       0
       0
       0
       0
       0
       0
       0
       0
       0
       0
       0
       0
       0
       0
       0
       0
       0
       0
       0
       0
$ROI:
1
49 1635
$PRESETS:
None
0
0
$ENER_FIT:
0.000000 3.492040
$MCA_CAL:
3
0.000000E+000 3.492040E+000 0.000000E+000 keV
$SHAPE_CAL:
3
1.303160E+002 0.000000E+000 0.000000E+000
