$SPEC_ID:
No sample description was entered.
$SPEC_REM:
DET# 2
DETDESC# JLAB-18 MCB 131
AP# Maestro Version 7.01
$DATE_MEA:
12/09/2022 14:16:23
$MEAS_TIM:
1556 1563
$DATA:
0 2047
       0
       0
       0
       0
       0
       0
       0
       0
       0
       0
       0
       0
       0
       0
       0
       0
       0
       0
       0
       0
       0
       0
       0
       0
       0
       0
       0
       0
       0
       0
       0
       0
       0
       0
       0
       0
       0
       0
       0
       0
       0
       0
       0
       0
       0
       0
       0
       0
       0
       0
       0
       0
       0
       0
       0
       0
       0
       0
       0
       0
       0
       0
       0
       0
       0
       0
       0
       0
       0
       0
       0
       0
       0
       0
       0
       0
       0
       0
       0
       0
       0
       0
       0
       0
       0
       0
       0
       0
       0
       0
       0
       0
       0
       0
       0
       0
       0
       0
       0
       0
       0
       0
       0
       0
       0
       0
       0
       0
       1
       0
       5
       5
       6
       3
       5
       3
       4
       2
       5
       4
       3
       9
       4
       7
       6
       6
       9
       2
       6
       7
       3
       3
       6
       5
       8
       4
       6
       9
       5
       4
       7
       5
       6
       6
       3
       4
       8
       5
       7
       2
       5
       5
       6
      10
      10
       9
       5
       5
       8
       4
       3
       7
      11
      10
       7
      12
       8
       8
       3
       9
       8
       8
       8
       3
       3
      16
      10
       7
      10
      11
       7
       7
       8
       7
      11
       5
      12
      10
      11
       5
      10
       9
       9
       3
       7
      15
       8
      10
       9
       7
      15
       7
       7
      11
       7
       8
      12
      10
       4
       9
      15
      11
       6
       9
       9
      13
       5
      13
      11
      15
      20
      16
      14
      21
       9
      12
       7
       7
      12
      12
      17
      10
      10
      12
      15
      11
      12
      12
      14
      15
      13
      14
      12
      20
       8
      13
      18
      15
      15
      11
      15
      13
      18
      20
      16
      12
      16
      22
      24
      18
      23
      17
      10
      19
      13
      17
      22
      17
      21
      16
      17
      17
      17
      26
      13
      15
       8
      20
      17
      16
      15
      20
      16
      22
      14
      13
      17
      19
      17
      14
      16
      16
      21
      24
      17
      27
      19
      19
      21
      16
      23
      23
      22
      26
      22
      25
      23
      29
      26
      34
      29
      19
      26
      26
      19
      25
      21
      19
      28
      21
      23
      25
      25
      24
      19
      24
      27
      25
      23
      30
      40
      35
      29
      25
      29
      29
      25
      33
      36
      33
      31
      29
      32
      31
      28
      23
      29
      34
      37
      30
      34
      37
      34
      29
      41
      39
      30
      24
      25
      28
      37
      43
      29
      19
      33
      40
      33
      36
      40
      43
      42
      36
      46
      41
      39
      35
      37
      41
      33
      33
      42
      44
      25
      41
      47
      45
      38
      43
      36
      45
      42
      42
      39
      47
      41
      37
      37
      49
      40
      48
      39
      46
      49
      48
      53
      43
      42
      42
      58
      61
      47
      47
      56
      46
      47
      54
      64
      46
      47
      52
      53
      50
      51
      72
      55
      49
      59
      59
      54
      55
      65
      70
      58
      48
      50
      57
      41
      61
      58
      62
      55
      46
      50
      57
      66
      54
      56
      71
      66
      60
      65
      59
      45
      59
      56
      60
      69
      57
      60
      56
      55
      57
      66
      64
      56
      67
      68
      73
      80
      73
      80
      82
      61
      74
      63
      65
      78
      65
      76
      62
      63
      68
      66
      92
      77
      66
      77
      74
      78
      80
      72
      67
      75
      81
      91
      81
      81
      63
      71
      80
      75
      74
      91
      91
      80
      91
      75
      68
      66
      93
      73
      66
      70
      62
      86
      85
      84
      76
      81
      84
      79
      77
     107
      88
      87
      79
      87
      71
      83
      87
      79
      84
      93
      79
      78
      73
      89
      83
      81
      90
      78
      95
      88
      82
      82
      85
      91
      87
      69
      77
      83
      91
      96
      96
      81
      81
      99
      89
      89
      68
      91
      91
     102
      80
      91
      87
      81
      92
      73
      96
      92
      80
      82
      99
      86
      82
      81
      85
      97
      79
      85
      82
      73
      81
      78
     100
      81
      91
      79
      74
      79
      82
      90
      64
      98
      75
      76
      72
      88
      80
      77
      76
      93
      77
      85
      73
      78
      92
      84
      83
      73
      88
      83
      78
      72
      74
      96
      93
      78
      64
      77
      70
      67
      73
      78
      65
      82
      65
      80
      81
      75
      83
      60
      86
      66
      72
      62
      73
      80
      74
      78
      73
      58
      68
      87
      78
      67
      68
      86
      73
      77
      62
      68
      65
      78
      90
      79
      71
      71
      68
      61
      77
      54
      82
      66
      66
      63
      76
      68
      59
      66
      67
      72
      52
      53
      58
      55
      60
      56
      58
      56
      52
      65
      51
      64
      53
      56
      48
      53
      53
      64
      50
      53
      53
      55
      52
      47
      67
      41
      51
      44
      46
      36
      46
      53
      53
      44
      46
      32
      52
      46
      39
      43
      22
      39
      40
      46
      47
      34
      35
      28
      44
      38
      45
      32
      35
      33
      35
      36
      29
      37
      34
      30
      35
      36
      34
      28
      33
      31
      39
      30
      30
      32
      25
      25
      29
      22
      17
      42
      28
      25
      24
      23
      22
      19
      19
      22
      19
      26
      37
      17
      24
      22
      16
      29
      16
      22
      28
      13
      18
      21
      24
      20
      22
      19
      10
      17
      16
      14
      21
      12
      15
      16
      14
       8
      15
      10
      13
      22
      17
      14
       9
       9
      11
      20
      12
       9
      12
      11
      15
      12
      12
       9
      10
      12
       8
       9
      11
       7
       6
      16
      14
       6
       5
      12
       9
       3
      11
      10
       7
       5
       9
       5
       6
       5
       7
       6
       3
       8
       3
       6
       8
      10
       5
       4
       2
       8
       2
       4
       4
       6
       5
       3
      10
       2
       2
       2
       3
       4
       5
       1
       4
       1
      11
       5
       3
       3
       3
       3
       3
       5
       1
       3
       1
       4
       0
       2
       4
       2
       4
       4
       2
       1
       2
       1
       2
       1
       2
       2
       1
       1
       2
       4
       0
       3
       1
       0
       0
       0
       4
       1
       2
       2
       2
       1
       1
       2
       1
       0
       0
       0
       3
       0
       1
       0
       1
       1
       0
       1
       0
       0
       1
       0
       0
       0
       0
       0
       0
       1
       0
       0
       0
       0
       1
       0
       0
       2
       0
       1
       0
       0
       0
       1
       0
       0
       1
       1
       0
       0
       0
       0
       0
       0
       0
       2
       0
       0
       1
       0
       1
       0
       0
       1
       2
       1
       0
       0
       0
       0
       0
       0
       0
       0
       0
       0
       0
       0
       0
       0
       0
       0
       0
       0
       0
       0
       0
       0
       0
       0
       0
       0
       0
       0
       0
       0
       0
       0
       0
       0
       0
       0
       0
       0
       0
       0
       0
       1
       0
       0
       0
       0
       0
       0
       0
       0
       0
       0
       0
       0
       0
       0
       0
       0
       0
       0
       0
       0
       0
       0
       0
       0
       0
       0
       0
       0
       0
       0
       0
       0
       0
       0
       0
       0
       0
       0
       0
       0
       0
       0
       0
       0
       0
       0
       0
       0
       0
       0
       0
       0
       0
       0
       0
       0
       0
       0
       0
       0
       0
       0
       0
       1
       0
       0
       1
       0
       0
       0
       0
       0
       0
       0
       0
       0
       0
       0
       0
       0
       0
       0
       0
       1
       0
       0
       0
       0
       0
       0
       0
       0
       0
       0
       0
       0
       0
       0
       0
       0
       0
       0
       0
       0
       0
       0
       0
       0
       0
       0
       0
       0
       1
       0
       0
       0
       0
       0
       0
       0
       0
       0
       0
       0
       0
       0
       0
       0
       0
       0
       0
       0
       1
       0
       0
       0
       0
       0
       0
       0
       0
       0
       0
       0
       0
       0
       0
       0
       0
       0
       0
       0
       0
       0
       0
       0
       0
       0
       0
       0
       0
       0
       0
       0
       0
       0
       0
       0
       0
       0
       0
       0
       0
       0
       0
       0
       0
       0
       0
       0
       0
       0
       0
       0
       0
       0
       0
       0
       0
       0
       0
       0
       0
       0
       0
       0
       0
       0
       0
       0
       0
       0
       0
       0
       0
       0
       0
       0
       0
       0
       0
       0
       0
       0
       0
       0
       0
       0
       0
       0
       0
       1
       0
       0
       0
       0
       0
       0
       0
       0
       0
       0
       0
       0
       0
       0
       0
       0
       0
       0
       0
       0
       0
       0
       0
       0
       0
       0
       0
       0
       0
       0
       0
       0
       0
       0
       0
       0
       0
       0
       0
       0
       1
       0
       0
       0
       0
       0
       0
       0
       0
       0
       0
       0
       0
       0
       0
       0
       0
       0
       0
       0
       0
       0
       0
       0
       0
       0
       0
       0
       0
       0
       0
       0
       0
       0
       0
       0
       0
       0
       0
       0
       0
       0
       0
       0
       0
       0
       0
       0
       0
       0
       0
       0
       0
       0
       0
       0
       0
       0
       0
       0
       0
       0
       0
       0
       0
       0
       0
       0
       0
       0
       0
       0
       0
       0
       0
       0
       0
       0
       0
       0
       0
       0
       0
       0
       0
       0
       0
       0
       0
       0
       0
       0
       0
       0
       0
       0
       0
       0
       0
       0
       0
       0
       0
       0
       0
       0
       0
       0
       0
       0
       0
       0
       0
       0
       0
       0
       0
       0
       0
       0
       0
       0
       0
       0
       0
       0
       0
       0
       0
       0
       0
       0
       0
       0
       0
       0
       0
       0
       0
       0
       0
       0
       0
       0
       0
       0
       0
       0
       0
       0
       0
       0
       0
       0
       0
       0
       0
       0
       0
       0
       0
       0
       0
       0
       0
       0
       0
       0
       0
       0
       0
       0
       0
       0
       0
       0
       0
       0
       0
       0
       0
       0
       0
       0
       0
       0
       0
       0
       0
       0
       0
       0
       0
       0
       0
       0
       0
       0
       0
       0
       0
       0
       0
       0
       0
       0
       0
       0
       0
       0
       0
       0
       0
       0
       0
       0
       0
       0
       0
       0
       0
       0
       0
       0
       0
       0
       0
       0
       0
       0
       0
       0
       0
       0
       0
       0
       0
       0
       0
       0
       0
       0
       0
       0
       0
       0
       0
       0
       0
       0
       0
       0
       0
       0
       0
       0
       0
       0
       0
       0
       0
       0
       0
       0
       0
       0
       0
       0
       0
       0
       0
       0
       0
       0
       0
       0
       0
       0
       0
       0
       0
       0
       0
       0
       0
       0
       0
       0
       0
       0
       0
       0
       0
       0
       0
       0
       0
       0
       0
       0
       0
       0
       0
       0
       0
       0
       0
       0
       0
       0
       0
       0
       0
       0
       0
       0
       0
       0
       0
       0
       0
       0
       0
       0
       0
       0
       0
       0
       0
       0
       0
       0
       0
       0
       0
       0
       0
       0
       0
       0
       0
       0
       0
       0
       0
       0
       0
       0
       0
       0
       0
       0
       0
       0
       0
       0
       0
       0
       0
       0
       0
       0
       0
       0
       0
       0
       0
       0
       0
       0
       0
       0
       0
       0
       0
       0
       0
       0
       0
       0
       0
       0
       0
       0
       0
       0
       0
       0
       0
       0
       0
       0
       0
       0
       0
       0
       0
       0
       0
       0
       0
       0
       0
       0
       0
       0
       0
       0
       0
       0
       0
       0
       0
       0
       0
       0
       0
       0
       0
       0
       0
       0
       0
       0
       0
       0
       0
       0
       0
       0
       0
       0
       0
       0
       0
       0
       0
       0
       0
       0
       0
       0
       0
       0
       0
       0
       0
       0
       0
       0
       0
       0
       0
       0
       0
       0
       0
       0
       0
       0
       0
       0
       0
       0
       0
       0
       0
       0
       0
       0
       0
       0
       0
       0
       0
       0
       0
       0
       0
       0
       0
       0
       0
       0
       0
       0
       0
       0
       0
       0
       0
       0
       0
       0
       0
       0
       0
       0
       0
       0
       0
       0
       0
       0
       0
       0
       0
       0
       0
       0
       0
       0
       0
       0
       0
       0
       0
       0
       0
       0
       0
       0
       0
       0
       0
       0
       0
       0
       0
       0
       0
       0
       0
       0
       0
       0
       0
       0
       0
       0
       0
       0
       0
       0
       0
       0
       0
       0
       0
       0
       0
       0
       0
       0
       0
       0
       0
       0
       0
       0
       0
       0
       0
       0
       0
       0
       0
       0
       0
       0
       0
       0
       0
       0
       0
       0
       0
       0
       0
       0
       0
       0
       0
       0
       0
       0
       0
       0
       0
       0
       0
       0
       0
       0
       0
       0
       0
       0
       0
       0
       0
       0
       0
       0
       0
       0
       0
       0
       0
       0
       0
       0
       0
       0
       0
       0
       0
       0
       0
       0
       0
       0
       0
       0
       0
       0
       0
       0
       0
       0
       0
       0
       0
       0
       0
       0
       0
       0
       0
       0
       0
       0
       0
       0
       0
       0
       0
       0
       0
       0
       0
       0
       0
       0
       0
       0
       0
       0
       0
       0
       0
       0
       0
       0
       0
       0
       0
       0
       0
       0
       0
       0
       0
       0
       0
       0
       0
       0
       0
       0
       0
       0
       0
       0
       0
       0
       0
       0
       0
       0
       0
       0
       0
       0
       0
       0
       0
       0
       0
       0
       0
       0
       0
       0
       0
       0
       0
       0
       0
       0
       0
       0
       0
       0
       0
       0
       0
       0
       0
       0
       0
       0
       0
       0
       0
       0
       0
       0
       0
       0
       0
       0
       0
       0
       0
       0
       0
       0
       0
       0
       0
       0
       0
       0
       0
       0
       0
       0
       0
       0
       0
       0
       0
       0
       0
       0
       0
       0
       0
       0
       0
       0
       0
       0
       0
       0
       0
       0
       0
       0
       0
       0
       0
       0
       0
       0
       0
       0
       0
       0
       0
       0
       0
       0
       0
       0
       0
       0
       0
$ROI:
1
49 1635
$PRESETS:
None
0
0
$ENER_FIT:
0.000000 3.492040
$MCA_CAL:
3
0.000000E+000 3.492040E+000 0.000000E+000 keV
$SHAPE_CAL:
3
1.303160E+002 0.000000E+000 0.000000E+000
