$SPEC_ID:
No sample description was entered.
$SPEC_REM:
DET# 2
DETDESC# JLAB-18 MCB 131
AP# Maestro Version 7.01
$DATE_MEA:
12/09/2022 14:53:29
$MEAS_TIM:
1498 1507
$DATA:
0 2047
       0
       0
       0
       0
       0
       0
       0
       0
       0
       0
       0
       0
       0
       0
       0
       0
       0
       0
       0
       0
       0
       0
       0
       0
       0
       0
       0
       0
       0
       0
       0
       0
       0
       0
       0
       0
       0
       0
       0
       0
       0
       0
       0
       0
       0
       0
       0
       0
       0
       0
       0
       0
       0
       0
       0
       0
       0
       0
       0
       0
       0
       0
       0
       0
       0
       0
       0
       0
       0
       0
       0
       0
       0
       0
       0
       0
       0
       0
       0
       0
       0
       0
       0
       0
       0
       0
       0
       0
       0
       0
       0
       0
       0
       0
       0
       0
       0
       0
       0
       0
       0
       0
       0
       0
       0
       0
       0
       1
       1
       9
      10
       6
      18
      14
       9
      14
      10
      17
      13
      14
      11
      13
      11
       8
      13
      11
      11
      13
      11
      12
      13
      13
      14
       4
      10
       7
       5
      15
      13
      13
      11
       7
       7
      17
      17
       9
       8
      12
      13
       9
       5
      10
      13
       4
       8
       9
       9
       4
      11
       8
       5
      13
       7
       8
       9
       7
      13
      11
      17
       7
       9
       8
       8
      11
       5
       6
       6
       9
      11
       8
       7
       7
       5
      12
       4
       8
       9
       8
      10
       9
       6
       8
       9
      12
      10
       8
       7
      10
      14
       7
       8
       7
      10
       7
      10
       4
       6
       5
       7
      11
       2
       9
       7
       6
      11
       6
       4
       6
       5
       9
       5
       6
       8
       6
       3
       7
       5
       5
       7
       4
       8
       5
       4
       3
      10
       6
       8
       3
       6
       7
       5
      10
       5
      10
       9
       6
       4
       1
      12
       9
       9
       4
       4
       6
       8
      10
       6
       6
       5
       3
       8
       5
       3
       6
       4
       6
       3
       7
       3
       6
       7
      13
       5
       6
       3
       8
       1
       5
       9
       3
       5
       7
       5
       5
       2
       5
       5
       4
       6
       4
       3
       6
       2
       5
       7
       7
       3
       5
       7
       3
       4
       4
       3
       4
       6
       5
       7
       6
       6
       6
       9
       5
       6
       6
       4
       2
       5
       5
       5
       6
       8
       6
       5
       7
       7
       4
      11
      10
       6
      10
       7
       5
       6
       4
       7
       5
       5
       3
       4
       6
       3
       6
       3
       7
       3
       7
       4
       7
       4
       6
       5
       2
       5
       7
       3
       7
       6
       6
       4
       7
       3
       8
       5
       8
       3
       4
       7
       6
       5
       4
       3
       7
       5
       6
       2
       7
       5
       2
       4
       8
       5
       2
       5
       2
       6
       2
       8
       7
       5
       5
       7
       5
       6
       5
       4
       5
       6
       3
       7
       2
       4
       6
       7
       4
       1
       1
       5
       1
       3
       4
      10
       4
       5
       2
       4
       3
       3
       1
       7
       6
       6
       7
       4
       4
       4
       4
       7
       7
       3
       4
       6
       2
       8
       3
       6
       6
       9
       5
       3
       3
       5
       5
       6
       9
       3
       4
       6
       3
       9
      10
       2
       1
       2
       4
       4
       3
       3
       4
       2
       3
       5
       3
       4
       8
       6
       4
       6
       2
       7
       2
       4
       5
       6
       3
       7
       3
       7
       3
       7
       2
       8
       9
       6
       6
       3
       6
       7
       4
       5
       4
       4
       4
       4
       4
       4
       4
       4
       2
       2
       4
       6
       5
       3
       3
       7
       5
       5
       2
       6
       4
       4
       4
       7
       4
       6
       2
       4
       8
       7
       6
       9
       2
       5
       3
      10
      12
       4
       5
      10
       4
       6
       8
       7
       6
       4
       5
       6
       6
       8
       4
       2
       3
       5
       2
       6
       7
       7
       9
       9
       6
       5
       6
       2
       3
       6
       8
       6
       7
       4
       4
       4
       5
       3
       4
       9
       9
       5
       4
       7
       5
       7
       7
       5
       7
       3
       6
       6
       6
       5
       5
       2
       4
       5
       5
       8
       3
       0
       8
      13
       6
       7
      10
       8
       0
      11
       5
      12
       4
       4
       5
       4
      10
       5
       3
       5
       9
       4
       5
       4
       4
       9
       5
       8
       7
       5
       3
       9
       8
       2
      11
       6
       5
       4
       7
       5
       6
       5
       5
       7
       2
       1
       6
       8
       6
       6
       4
       9
       2
       8
       6
       7
       6
       4
       7
       6
       3
       6
       2
       3
       5
       4
       9
       7
       8
       8
       4
       4
       5
       7
       6
       5
       7
       5
       6
       7
      12
       6
       5
       3
       1
       5
       5
       4
       5
       2
       5
       3
       7
       9
       7
       5
       6
       2
       4
       6
       4
       6
       8
       9
      11
       7
      10
       9
      10
       2
       9
       5
       3
       4
       7
       8
       5
      10
       6
       7
       2
       4
       7
       5
       3
       8
       6
       8
       9
       4
      10
       5
       8
       4
       6
       6
       7
       6
       5
       6
       4
       6
       1
       2
      11
      11
       9
      10
      11
       7
       6
       4
       3
       6
       5
      10
       5
       8
       6
       8
       7
       3
       6
       5
       2
       6
       7
       9
       3
       2
       5
       3
       7
       8
       6
       9
       6
       5
       8
       3
       5
       5
      11
       7
       5
       4
       9
       6
       7
       6
       7
      10
       5
       8
       7
       7
       7
       5
       4
       6
       1
      10
      12
       9
       4
      10
       9
       7
       5
       6
       8
       4
       7
       5
       8
       9
      10
       7
       5
       6
       7
       5
       6
       6
      12
       4
       8
       6
       5
       4
       8
       5
      10
       5
       5
       6
      14
       7
      10
      13
       4
       7
      11
       9
      13
       5
      14
       6
       9
       9
      10
       6
       6
       5
      11
       6
      11
       7
       7
      11
       8
       8
       5
       5
       6
       9
       8
       6
       6
       8
       4
      12
      13
       6
       7
       9
       6
       8
       9
       6
       7
       9
       2
      10
       9
       6
       4
       5
       6
       5
       8
      11
       7
       9
       9
       9
      10
       8
       7
      15
       6
      11
       6
       2
       8
       5
       8
      11
       2
      10
      10
       9
       8
       7
      12
       8
       4
       8
       7
       8
       4
       7
       7
      10
      11
      11
       9
       5
       4
      10
      10
       8
       9
       6
       8
      11
       7
       8
       9
      14
       9
       6
       6
      11
      14
      11
       2
       7
       6
      11
      17
       8
      12
      11
       7
      10
      15
       7
      13
       9
       4
      10
       8
      11
       7
       6
      15
      12
       7
      10
      11
      14
       8
      13
      12
       6
      11
       5
      12
       7
      19
       7
       6
      11
       9
      10
      10
       6
      11
       4
      10
       8
      10
      17
      11
       7
       8
       5
       9
       7
       9
       9
      11
       8
       3
       8
      13
      12
      10
      12
      13
       8
      20
      11
      10
      11
       9
      15
      14
       9
      16
       8
      12
      10
      12
       9
      11
       9
      11
       9
       6
       8
      16
      13
       4
      16
       9
       7
      16
      16
       9
      10
      10
      16
       9
       5
      21
      12
      19
      10
      10
       6
      15
      11
      12
       7
      12
       7
      11
      10
      10
       8
      10
       8
      14
      11
      17
      17
       7
      14
      13
      10
      12
      14
      14
      20
      14
       7
      10
       9
      10
      13
      13
      10
      12
      20
      13
      11
       9
       9
       9
      16
      13
      12
      12
      11
      17
      14
      14
      15
      21
      13
      14
      15
       9
      16
      11
      14
      15
      11
       5
      14
      19
      19
      15
      14
      14
      18
      18
      16
      15
      26
      13
      11
      18
      18
      22
      13
      16
      17
      23
      12
      19
      14
      19
      17
      16
      18
      16
      20
      13
      12
      17
      17
      23
      22
      25
      18
      28
      12
      19
      24
      20
      15
      22
      16
      16
      19
      22
      21
       9
      24
      21
      25
      25
      19
      26
      20
      26
      22
      21
      35
      33
      21
      29
      27
      16
      17
      31
      23
      23
      28
      26
      24
      22
      20
      31
      28
      24
      32
      24
      26
      34
      16
      18
      29
      17
      20
      40
      27
      40
      37
      25
      27
      31
      28
      34
      32
      28
      38
      25
      35
      36
      23
      35
      37
      20
      42
      36
      39
      42
      36
      44
      40
      26
      48
      41
      44
      35
      48
      38
      34
      39
      44
      48
      30
      43
      33
      35
      40
      59
      57
      46
      54
      50
      53
      53
      62
      48
      47
      55
      45
      56
      48
      53
      52
      59
      63
      68
      62
      60
      57
      67
      58
      67
      56
      69
      84
      58
      64
      73
      66
      69
      69
      92
      86
      75
      85
      87
     102
      93
      82
      87
      89
      85
      87
     109
      96
      90
      95
      90
     102
     118
      98
     106
     113
     119
     102
     125
     123
     122
     116
     132
     118
     128
     163
     174
     150
     140
     162
     163
     154
     164
     162
     179
     183
     172
     168
     178
     191
     184
     209
     217
     203
     217
     200
     249
     232
     235
     245
     264
     268
     263
     247
     269
     278
     277
     265
     254
     338
     305
     352
     319
     328
     339
     371
     374
     386
     404
     390
     406
     413
     412
     432
     431
     427
     462
     467
     503
     541
     503
     488
     546
     550
     569
     570
     559
     642
     604
     588
     610
     657
     635
     637
     650
     686
     680
     753
     773
     751
     743
     805
     756
     827
     829
     854
     850
     854
     862
     957
     959
     947
     954
     961
     997
     964
     978
    1083
    1065
    1072
    1062
    1119
    1117
    1161
    1158
    1210
    1240
    1184
    1163
    1226
    1263
    1245
    1278
    1328
    1333
    1277
    1284
    1295
    1287
    1394
    1380
    1397
    1470
    1469
    1416
    1423
    1394
    1484
    1551
    1469
    1449
    1497
    1486
    1433
    1526
    1518
    1557
    1558
    1592
    1511
    1532
    1567
    1607
    1605
    1513
    1552
    1520
    1578
    1534
    1575
    1597
    1582
    1561
    1624
    1581
    1548
    1524
    1554
    1554
    1578
    1584
    1612
    1565
    1519
    1501
    1531
    1513
    1545
    1487
    1424
    1474
    1548
    1442
    1377
    1418
    1451
    1435
    1409
    1350
    1350
    1332
    1308
    1348
    1318
    1298
    1257
    1187
    1240
    1192
    1198
    1184
    1184
    1211
    1079
    1140
    1095
    1067
    1103
    1052
    1008
    1005
     973
     917
     953
     928
    1011
     907
     875
     863
     829
     804
     797
     842
     779
     816
     723
     774
     709
     681
     657
     670
     587
     613
     603
     542
     582
     519
     489
     478
     475
     490
     448
     456
     423
     426
     389
     412
     405
     391
     341
     372
     341
     351
     290
     265
     312
     250
     269
     257
     232
     254
     216
     205
     196
     206
     183
     194
     158
     199
     155
     152
     166
     155
     135
     142
     121
     130
     101
      97
     109
      89
     107
      92
      92
      87
      82
      83
      60
      61
      58
      61
      53
      52
      46
      41
      41
      44
      42
      55
      41
      28
      25
      28
      17
      25
      25
      29
      25
      19
      20
      19
      17
      16
      21
      17
      13
      17
      16
      18
      15
      10
      11
       9
      10
       8
      12
       9
       5
       5
       5
      10
       6
       7
       6
       9
       4
       4
       3
       1
       3
       6
       2
       6
       2
       6
       5
       3
       3
       2
       1
       1
       2
       3
       1
       1
       2
       5
       0
       2
       1
       0
       0
       0
       1
       1
       0
       2
       0
       1
       1
       0
       0
       0
       1
       0
       1
       0
       0
       1
       2
       1
       0
       1
       0
       1
       0
       0
       0
       1
       0
       0
       1
       1
       0
       0
       1
       0
       0
       0
       1
       0
       0
       0
       0
       0
       0
       0
       0
       0
       0
       1
       1
       0
       0
       0
       1
       0
       0
       1
       0
       0
       0
       0
       0
       0
       0
       0
       0
       3
       0
       0
       0
       0
       0
       0
       0
       0
       0
       0
       0
       0
       0
       0
       0
       0
       0
       0
       0
       0
       0
       0
       0
       0
       0
       0
       1
       0
       0
       0
       0
       0
       0
       0
       0
       0
       0
       0
       0
       0
       0
       0
       0
       0
       0
       1
       0
       1
       0
       0
       0
       0
       0
       0
       0
       0
       0
       0
       1
       0
       0
       0
       0
       0
       0
       0
       0
       0
       0
       0
       0
       0
       0
       0
       0
       0
       0
       0
       0
       0
       1
       0
       0
       0
       0
       0
       0
       0
       0
       0
       0
       0
       0
       0
       0
       0
       0
       0
       0
       0
       0
       0
       0
       0
       0
       0
       0
       0
       0
       0
       0
       0
       0
       0
       0
       1
       0
       0
       0
       0
       0
       0
       0
       0
       0
       0
       0
       0
       0
       0
       0
       0
       0
       0
       0
       0
       0
       0
       0
       0
       1
       0
       0
       0
       0
       0
       0
       0
       0
       0
       0
       0
       0
       0
       0
       0
       0
       0
       0
       0
       0
       0
       0
       0
       0
       0
       0
       0
       0
       0
       0
       0
       1
       0
       0
       0
       0
       0
       0
       0
       0
       0
       0
       0
       0
       0
       0
       0
       0
       0
       0
       0
       0
       0
       0
       0
       0
       0
       0
       0
       0
       0
       0
       0
       0
       0
       0
       0
       0
       0
       0
       0
       0
       0
       0
       0
       0
       0
       0
       0
       0
       0
       0
       0
       0
       0
       0
       0
       0
       0
       0
       0
       0
       0
       0
       0
       0
       0
       0
       0
       0
       0
       0
       0
       0
       0
       0
       0
       0
       0
       0
       0
       0
       0
       0
       0
       0
       0
       0
       0
       0
       0
       0
       0
       0
       0
       0
       0
       0
       0
       0
       0
       0
       0
       0
       0
       0
       0
       0
       0
       0
       0
       0
       0
       0
       0
       0
       0
       0
       0
       0
       0
       0
       0
       0
       0
       0
       0
       0
       0
       0
       0
       0
       0
       0
       0
       0
       0
       0
       0
       0
       0
       0
       0
       0
       0
       0
       0
       0
       0
       0
       0
       0
       0
       0
       0
       0
       0
       0
       0
       0
       0
       0
       0
       0
       0
       0
       0
       0
       0
       0
       0
       0
       0
$ROI:
1
49 1635
$PRESETS:
None
0
0
$ENER_FIT:
0.000000 3.492040
$MCA_CAL:
3
0.000000E+000 3.492040E+000 0.000000E+000 keV
$SHAPE_CAL:
3
1.303160E+002 0.000000E+000 0.000000E+000
