$SPEC_ID:
No sample description was entered.
$SPEC_REM:
DET# 2
DETDESC# JLAB-18 MCB 131
AP# Maestro Version 7.01
$DATE_MEA:
12/09/2022 15:31:26
$MEAS_TIM:
615 619
$DATA:
0 2047
       0
       0
       0
       0
       0
       0
       0
       0
       0
       0
       0
       0
       0
       0
       0
       0
       0
       0
       0
       0
       0
       0
       0
       0
       0
       0
       0
       0
       0
       0
       0
       0
       0
       0
       0
       0
       1
       0
       0
       0
       0
       0
       0
       0
       0
       0
       0
       0
       0
       0
       0
       0
       0
       0
       0
       0
       0
       0
       0
       0
       1
       0
       0
       0
       0
       0
       0
       0
       0
       0
       0
       0
       0
       0
       0
       0
       0
       0
       0
       0
       0
       0
       0
       0
       0
       0
       0
       0
       0
       0
       0
       0
       0
       0
       0
       0
       0
       0
       0
       0
       0
       1
       0
       0
       0
       0
       0
       1
       1
       3
       0
       5
       3
       2
       2
       2
       3
       0
       2
       4
       5
       3
       2
       4
       3
       1
       4
       1
       0
       3
       2
       2
       1
       2
       1
       2
       1
       3
       1
       2
       0
       1
       4
       2
       1
       2
       0
       4
       1
       1
       1
       3
       1
       0
       2
       1
       2
       1
       0
       3
       1
       2
       0
       1
       2
       3
       2
       1
       3
       0
       0
       2
       1
       1
       3
       0
       0
       1
       1
       0
       0
       0
       1
       1
       1
       2
       2
       0
       3
       3
       2
       0
       3
       1
       1
       2
       1
       5
       7
       1
       0
       1
       4
       2
       4
       0
       0
       3
       4
       0
       0
       2
       4
       0
       1
       3
       1
       0
       2
       1
       0
       0
       2
       2
       1
       3
       1
       3
       0
       1
       1
       2
       0
       1
       1
       0
       1
       0
       1
       2
       1
       0
       1
       1
       1
       1
       0
       0
       0
       0
       0
       2
       1
       0
       2
       3
       1
       1
       1
       1
       2
       1
       1
       7
       1
       0
       3
       2
       2
       0
       2
       3
       1
       2
       1
       0
       0
       0
       3
       2
       3
       2
       1
       0
       0
       0
       1
       0
       3
       1
       1
       0
       0
       0
       1
       6
       0
       1
       0
       1
       0
       1
       0
       0
       0
       2
       3
       0
       0
       1
       1
       2
       1
       1
       0
       0
       1
       2
       3
       1
       0
       2
       0
       1
       0
       1
       3
       0
       0
       0
       1
       0
       0
       1
       2
       3
       1
       1
       2
       0
       1
       0
       1
       2
       3
       0
       2
       1
       0
       1
       1
       0
       0
       0
       2
       0
       4
       2
       0
       2
       0
       0
       1
       2
       3
       2
       1
       2
       1
       2
       0
       0
       0
       1
       0
       0
       1
       2
       0
       1
       0
       3
       2
       2
       0
       0
       1
       2
       0
       1
       1
       1
       1
       1
       0
       2
       1
       1
       0
       0
       3
       1
       0
       1
       1
       0
       1
       1
       1
       1
       0
       2
       0
       1
       2
       0
       2
       1
       1
       3
       2
       0
       4
       2
       2
       3
       2
       2
       2
       1
       1
       0
       0
       0
       0
       0
       0
       2
       1
       1
       0
       0
       1
       1
       0
       2
       0
       3
       1
       2
       0
       0
       0
       1
       4
       0
       4
       2
       1
       0
       1
       0
       0
       0
       1
       0
       0
       2
       5
       1
       1
       2
       0
       1
       3
       2
       1
       1
       2
       0
       1
       2
       0
       0
       0
       0
       0
       0
       3
       3
       0
       1
       0
       1
       0
       4
       0
       3
       0
       1
       2
       2
       4
       1
       4
       2
       0
       1
       1
       1
       2
       3
       1
       0
       3
       1
       3
       1
       1
       1
       2
       0
       1
       2
       2
       1
       2
       5
       2
       1
       2
       2
       0
       3
       1
       1
       0
       0
       4
       1
       4
       1
       0
       1
       0
       3
       5
       3
       1
       1
       2
       1
       1
       2
       3
       0
       1
       3
       3
       1
       0
       1
       1
       2
       2
       5
       0
       0
       1
       1
       1
       1
       2
       1
       1
       2
       1
       2
       3
       1
       1
       1
       5
       3
       1
       2
       2
       1
       2
       1
       2
       3
       2
       1
       0
       1
       5
       3
       2
       3
       2
       2
       2
       2
       0
       1
       2
       2
       0
       0
       0
       0
       1
       0
       1
       7
       1
       3
       0
       0
       3
       1
       1
       1
       1
       1
       1
       3
       1
       4
       6
       5
       2
       2
       3
       0
       3
       1
       2
       2
       2
       2
       1
       2
       1
       3
       1
       1
       1
       2
       3
       0
       5
       1
       4
       0
       0
       2
       1
       3
       2
       1
       0
       3
       0
       1
       1
       3
       2
       0
       1
       1
       3
       4
       1
       1
       1
       0
       2
       1
       0
       3
       2
       1
       1
       0
       2
       0
       1
       1
       4
       4
       2
       0
       6
       1
       3
       1
       2
       2
       6
       0
       4
       2
       1
       4
       0
       3
       2
       1
       1
       1
       1
       1
       2
       3
       3
       1
       3
       2
       1
       3
       4
       3
       2
       4
       4
       3
       1
       2
       2
       4
       1
       1
       2
       2
       4
       1
       3
       2
       6
       0
       4
       2
       2
       3
       5
       2
       4
       1
       3
       1
       1
       2
       1
       3
       4
       2
       6
       2
       2
       3
       3
       4
       1
       2
       1
       2
       3
       0
       6
       3
       3
       2
       2
       1
       5
       4
       5
       1
       5
       1
       4
       2
       5
       1
       2
       5
       3
       4
       3
       6
       4
       4
       4
       5
       1
       4
       6
       2
       1
       3
       3
       2
       6
       7
       0
       3
       3
       4
       1
       2
       0
       3
       7
       3
       5
       6
       4
       3
       3
       3
       5
       2
       1
       5
       6
       5
       2
       5
       5
       3
       5
       0
       5
       4
       2
       3
       2
       6
       3
       2
       5
       3
       4
       3
       4
       1
       4
      11
       4
       6
       1
       6
       5
       7
       5
       5
       4
       8
       4
       3
       4
       2
       7
       5
       3
       3
       4
       6
       4
       6
       3
      10
       5
       4
       5
      10
       8
       4
       6
       8
       7
       7
       4
       4
      10
       5
       7
       6
       5
       6
       6
       8
       2
       5
       7
       6
      12
      13
       9
       4
      10
       5
       8
       6
       8
      11
      11
      11
       7
       8
      13
      10
      12
       9
       8
       6
      10
      12
      10
      12
       9
       7
       7
       8
      11
       9
      11
      12
      13
      11
      11
      11
      12
      12
      10
      11
       7
       8
      12
      14
      18
      14
      12
      16
      14
      13
      13
      21
      14
      11
      11
      20
      14
      11
      23
      18
      20
      19
      15
      19
       7
      17
      16
      19
      17
      18
      18
      22
      16
      15
      24
      23
      14
      17
      14
      21
      29
      14
      16
      15
      22
      16
      20
      22
      24
      18
      28
      21
      26
      20
      19
      26
      24
      34
      20
      19
      34
      35
      34
      33
      19
      38
      40
      35
      29
      25
      30
      44
      50
      38
      34
      36
      45
      39
      23
      41
      52
      40
      35
      41
      52
      45
      47
      52
      51
      62
      54
      49
      41
      41
      54
      63
      51
      65
      57
      61
      79
      58
      69
      65
      66
      58
      76
      55
      59
      69
      69
      82
      72
      75
      64
      80
      76
      86
      92
      87
      64
      92
      93
      88
      92
      81
      93
      82
     109
     101
     115
     109
     107
      93
      94
      96
     117
     136
     103
     116
     126
     118
     123
     132
     126
     121
     144
     155
     150
     129
     156
     148
     134
     157
     141
     150
     176
     159
     165
     151
     153
     163
     177
     162
     168
     182
     165
     164
     170
     202
     192
     174
     199
     211
     183
     181
     219
     195
     216
     201
     209
     215
     223
     206
     218
     248
     212
     196
     221
     223
     276
     239
     229
     237
     250
     228
     235
     246
     234
     248
     275
     275
     287
     261
     275
     261
     253
     254
     265
     269
     275
     280
     290
     278
     290
     310
     292
     299
     285
     307
     318
     288
     300
     283
     290
     289
     275
     295
     292
     331
     273
     300
     307
     299
     305
     318
     306
     287
     280
     301
     334
     319
     331
     318
     311
     314
     298
     334
     320
     304
     312
     320
     332
     288
     330
     293
     299
     310
     304
     316
     313
     303
     298
     296
     286
     314
     301
     270
     288
     286
     295
     274
     274
     273
     269
     304
     267
     286
     272
     326
     241
     251
     263
     300
     228
     245
     242
     275
     242
     260
     247
     214
     241
     244
     258
     228
     228
     211
     217
     213
     224
     199
     206
     190
     201
     216
     199
     160
     201
     184
     184
     169
     141
     167
     169
     194
     154
     170
     172
     151
     156
     144
     157
     155
     139
     113
     121
     143
     121
     137
     128
     100
     106
     121
      91
      84
     101
     125
      95
      90
     100
      97
      84
      75
      79
      73
      62
      69
      73
      64
      68
      61
      55
      61
      63
      50
      53
      57
      48
      45
      42
      57
      38
      37
      44
      47
      36
      36
      36
      35
      40
      27
      28
      27
      29
      27
      29
      25
      33
      21
      25
      26
      17
      18
      15
      16
      12
      18
      12
      15
      17
      15
      16
      19
      15
       8
       6
      15
      10
      13
      10
       3
      11
       2
       7
       6
       5
       6
       7
       5
       9
       4
       4
       4
       8
       2
       1
       1
       3
       4
       8
       3
       1
       3
       4
       1
       5
       0
       1
       1
       0
       1
       1
       3
       6
       0
       1
       0
       0
       0
       2
       1
       0
       2
       0
       0
       1
       1
       0
       1
       1
       1
       1
       0
       2
       1
       0
       0
       2
       2
       0
       1
       1
       1
       0
       0
       0
       2
       1
       0
       0
       1
       1
       0
       0
       0
       1
       0
       0
       0
       1
       1
       0
       0
       1
       0
       0
       0
       0
       0
       0
       1
       0
       0
       0
       0
       0
       0
       0
       0
       0
       0
       0
       0
       0
       0
       0
       0
       0
       0
       0
       0
       0
       0
       0
       0
       0
       0
       0
       0
       0
       1
       0
       0
       0
       0
       0
       0
       0
       0
       0
       0
       0
       0
       0
       0
       0
       0
       0
       0
       0
       0
       0
       0
       0
       0
       0
       0
       0
       0
       0
       1
       0
       0
       0
       0
       0
       0
       0
       0
       0
       0
       0
       0
       0
       0
       0
       0
       0
       0
       0
       0
       0
       0
       0
       0
       0
       0
       0
       0
       0
       0
       0
       0
       0
       0
       0
       0
       0
       0
       0
       0
       0
       0
       0
       0
       0
       0
       0
       0
       0
       0
       0
       0
       0
       0
       0
       0
       0
       0
       0
       0
       0
       0
       0
       0
       0
       0
       0
       0
       0
       0
       0
       0
       0
       0
       0
       0
       0
       0
       0
       0
       0
       0
       0
       0
       0
       0
       0
       0
       0
       0
       0
       0
       0
       0
       0
       0
       0
       0
       0
       1
       0
       0
       0
       0
       0
       0
       0
       0
       0
       0
       0
       0
       0
       0
       0
       0
       0
       0
       0
       0
       0
       0
       0
       0
       0
       0
       0
       0
       0
       0
       0
       0
       0
       0
       0
       0
       0
       0
       0
       0
       0
       0
       0
       0
       0
       0
       0
       0
       0
       0
       0
       0
       0
       0
       0
       0
       0
       0
       0
       0
       0
       0
       0
       0
       0
       0
       0
       0
       0
       0
       0
       0
       0
       0
       0
       0
       0
       0
       0
       0
       0
       0
       0
       0
       0
       0
       0
       0
       0
       0
       0
       0
       0
       0
       0
       0
       0
       0
       0
       0
       0
       0
       0
       0
       0
       0
       0
       0
       0
       0
       0
       0
       0
       0
       0
       0
       0
       0
       0
       0
       0
       0
       0
       0
       0
       0
       0
       0
       0
       0
       0
       0
       0
       0
       0
       0
       0
       0
       0
       0
       0
       0
       0
       0
       0
       0
       0
       0
       0
       0
       0
       0
       0
       0
       0
       0
       0
       0
       0
       0
       0
       0
       0
       0
       0
       0
       0
       0
       0
       0
       0
       0
       0
       0
       0
       0
       0
       0
       0
       0
       0
       0
       0
       0
       0
       0
       0
       0
       0
       0
       0
       0
       0
       0
       0
       0
       0
       0
       0
       0
       0
       0
       0
       0
       0
       0
       0
       0
       0
       0
       0
       0
       0
       0
       0
       0
       0
       0
       0
       0
       0
       0
       0
       0
       0
       1
       0
       0
       0
       0
       0
       0
       0
       0
       0
       0
       0
       0
       1
       0
       0
       0
       0
       0
       0
       0
       0
       0
       0
       0
       0
       0
       0
       0
       0
       0
       0
       0
       0
       0
       0
       0
       1
       0
       0
       0
       0
       0
       0
       0
       0
       0
       0
       0
       0
       0
       0
       0
       0
       0
       0
       0
       0
       0
       0
       0
       0
       0
       0
       0
       0
       0
       0
       0
       0
       0
       0
       0
       0
       0
       0
       0
       0
       0
       0
       0
       0
       0
       0
       0
       0
       0
       1
       0
       0
       0
       0
       0
       0
       0
       0
       0
       0
       0
       0
       0
       0
       0
       0
       0
       0
       0
       0
       0
       0
       0
       0
       0
       0
       0
       0
       0
       0
       0
       0
       0
       0
       0
       0
       0
       0
       0
       0
       0
       0
       0
       0
       0
       0
       0
       0
       0
       0
       1
       0
       0
       0
       0
       0
       0
       0
       0
       0
       0
       0
       0
       0
       0
       0
       0
       0
       0
       0
       0
       0
       0
       0
       0
       0
       0
       0
       0
       0
       0
       0
       0
       0
       0
       0
       0
       0
       0
       0
       0
       0
       0
       0
       0
       0
       0
       0
       0
       0
       0
       0
       0
       0
       0
       0
       0
       0
       0
       0
       0
       0
       0
       0
       0
       0
       0
       0
       0
       0
       0
       0
       0
       0
       0
       0
       0
       0
       0
       0
       0
       0
       0
       0
       0
       0
       0
       0
       0
       0
       0
       0
       0
       0
       0
$ROI:
1
49 1635
$PRESETS:
None
0
0
$ENER_FIT:
0.000000 3.492040
$MCA_CAL:
3
0.000000E+000 3.492040E+000 0.000000E+000 keV
$SHAPE_CAL:
3
1.303160E+002 0.000000E+000 0.000000E+000
