$SPEC_ID:
No sample description was entered.
$SPEC_REM:
DET# 2
DETDESC# JLAB-18 MCB 131
AP# Maestro Version 7.01
$DATE_MEA:
11/03/2022 09:11:18
$MEAS_TIM:
631 632
$DATA:
0 2047
       0
       0
       0
       0
       0
       0
       0
       0
       0
       0
       0
       0
       0
       0
       0
       0
       0
       0
       0
       0
       0
       0
       0
       0
       0
       0
       0
       0
       0
       0
       0
       0
       0
       0
       0
       0
       0
       0
       0
       0
       0
       0
       0
       0
       0
       0
       0
       0
       0
       0
       0
       0
       0
       0
       0
       0
       0
       0
       0
       0
       0
       0
       0
       0
       0
       0
       0
       0
       0
       0
       0
       0
       0
       0
       0
       0
       0
       0
       0
       0
       0
       0
       0
       0
       0
       0
       0
       0
       0
       0
       0
       0
       0
       0
       0
       0
       0
       0
       0
       0
       0
       0
       0
       0
       0
       0
       0
       0
       0
       0
       0
       0
       0
       0
       0
       0
       0
       0
       0
       0
       0
       0
       0
       0
       0
       0
       0
       0
       0
       0
       0
       0
       0
       0
       0
       0
       0
       0
       0
       0
       0
       0
       0
       0
       0
       0
       0
       0
       0
       0
       0
       0
       0
       0
       0
       0
       0
       0
       0
       0
       0
       0
       0
       0
       0
       0
       0
       0
       0
       0
       0
       0
       0
       0
       0
       0
       0
       0
       0
       0
       0
       0
       0
       0
       0
       0
       0
       0
       0
       0
       0
       0
       0
       0
       0
       3
       1
       1
       2
       1
       0
       1
       1
       2
       2
       2
       1
       3
       0
       0
       2
       1
       2
       0
       2
       0
       0
       2
       2
       1
       0
       0
       1
       2
       0
       3
       1
       0
       1
       0
       1
       1
       1
       0
       0
       0
       0
       2
       1
       1
       1
       0
       1
       1
       0
       2
       0
       1
       0
       0
       1
       0
       1
       0
       0
       1
       0
       0
       2
       0
       2
       1
       1
       0
       1
       2
       0
       0
       0
       1
       1
       0
       1
       0
       1
       2
       0
       0
       2
       0
       1
       0
       0
       0
       0
       1
       1
       1
       0
       0
       0
       1
       0
       1
       1
       0
       1
       0
       1
       0
       0
       1
       1
       0
       0
       1
       2
       0
       0
       0
       1
       0
       0
       2
       2
       4
       0
       2
       2
       1
       0
       2
       1
       2
       0
       0
       1
       0
       1
       1
       1
       1
       0
       0
       1
       0
       2
       0
       1
       0
       0
       0
       1
       1
       1
       0
       2
       0
       0
       0
       1
       2
       1
       0
       1
       0
       0
       1
       1
       1
       1
       1
       1
       1
       1
       1
       3
       1
       0
       0
       1
       1
       0
       0
       1
       1
       1
       0
       0
       0
       1
       2
       0
       1
       0
       1
       1
       1
       2
       0
       2
       2
       1
       0
       1
       0
       1
       1
       2
       0
       1
       0
       0
       0
       2
       0
       2
       1
       2
       1
       0
       0
       0
       0
       2
       0
       2
       1
       0
       1
       0
       1
       1
       0
       0
       0
       1
       1
       1
       4
       1
       0
       1
       0
       1
       2
       1
       1
       1
       1
       2
       0
       0
       2
       0
       1
       0
       0
       0
       0
       2
       2
       1
       1
       1
       1
       0
       2
       2
       1
       0
       1
       0
       0
       1
       0
       0
       2
       1
       0
       0
       0
       2
       0
       1
       3
       1
       0
       0
       1
       0
       0
       0
       1
       0
       0
       0
       1
       1
       1
       2
       0
       1
       0
       0
       0
       2
       0
       0
       1
       1
       2
       1
       2
       0
       1
       2
       0
       0
       3
       0
       0
       0
       0
       0
       0
       1
       0
       1
       0
       1
       1
       1
       0
       0
       0
       1
       3
       0
       1
       1
       2
       1
       1
       2
       1
       1
       1
       0
       1
       0
       1
       0
       2
       0
       1
       2
       1
       3
       2
       0
       1
       3
       0
       1
       0
       1
       1
       1
       1
       0
       0
       1
       1
       1
       2
       1
       0
       2
       0
       0
       1
       0
       2
       0
       0
       1
       0
       2
       2
       0
       1
       1
       4
       0
       0
       1
       0
       1
       3
       2
       1
       1
       1
       2
       0
       1
       1
       1
       1
       1
       2
       1
       1
       1
       1
       1
       0
       1
       2
       2
       0
       0
       0
       0
       2
       1
       0
       2
       3
       1
       2
       1
       0
       1
       0
       1
       1
       0
       3
       1
       1
       0
       1
       2
       0
       1
       2
       1
       1
       3
       3
       1
       1
       3
       1
       0
       1
       0
       5
       0
       0
       0
       1
       3
       0
       1
       2
       2
       0
       1
       0
       0
       2
       0
       1
       0
       4
       3
       1
       0
       0
       1
       1
       1
       1
       1
       2
       2
       0
       0
       0
       1
       3
       0
       0
       1
       1
       2
       1
       2
       0
       0
       0
       1
       1
       1
       1
       1
       3
       0
       1
       1
       5
       0
       0
       2
       2
       2
       1
       1
       4
       0
       3
       1
       1
       2
       0
       2
       2
       2
       1
       0
       1
       0
       2
       1
       0
       1
       4
       1
       1
       3
       3
       0
       1
       0
       1
       1
       1
       0
       0
       1
       0
       0
       1
       1
       1
       1
       0
       3
       0
       2
       1
       0
       2
       2
       0
       1
       0
       1
       0
       1
       1
       0
       3
       1
       1
       0
       0
       2
       2
       1
       0
       2
       1
       2
       0
       2
       2
       1
       2
       2
       1
       3
       1
       1
       0
       1
       1
       2
       0
       0
       2
       1
       0
       1
       1
       1
       0
       2
       2
       1
       0
       0
       0
       0
       1
       1
       1
       5
       2
       4
       1
       1
       0
       0
       7
       0
       1
       0
       1
       2
       4
       1
       0
       0
       1
       0
       1
       3
       1
       0
       1
       2
       0
       1
       0
       2
       2
       2
       0
       1
       0
       2
       1
       0
       3
       4
       0
       2
       0
       2
       2
       0
       3
       1
       2
       1
       1
       1
       1
       2
       4
       2
       1
       1
       0
       2
       2
       0
       1
       2
       0
       2
       1
       1
       2
       3
       1
       1
       4
       1
       2
       0
       0
       3
       2
       4
       3
       2
       2
       4
       4
       1
       2
       1
       2
       0
       0
       1
       1
       2
       2
       0
       2
       2
       1
       3
       1
       2
       0
       1
       1
       0
       4
       3
       2
       2
       0
       2
       1
       3
       2
       1
       1
       2
       1
       0
       1
       0
       3
       1
       1
       5
       0
       3
       0
       0
       3
       2
       2
       0
       0
       1
       1
       2
       0
       2
       1
       1
       2
       1
       1
       1
       2
       1
       3
       1
       3
       4
       2
       2
       1
       3
       4
       2
       0
       1
       2
       1
       1
       2
       3
       1
       1
       2
       0
       0
       1
       3
       2
       3
       2
       1
       2
       3
       1
       4
       1
       2
       0
       4
       4
       1
       1
       5
       4
       2
       1
       1
       2
       2
       1
       2
       3
       0
       0
       1
       2
       3
       4
       1
       0
       1
       1
       2
       1
       5
       4
       1
       2
       2
       3
       1
       3
       1
       1
       1
       4
       1
       0
       0
       4
       3
       3
       1
       3
       4
       2
       2
       2
       2
       4
       2
       2
       0
       2
       1
       2
       4
       2
       1
       2
       3
       0
       2
       3
       7
       3
       2
       2
       2
       5
       3
       6
       2
       6
       2
       2
       3
       4
       3
       1
       4
       5
       2
       1
       2
       2
       2
       1
       2
       1
       1
       2
       3
       3
       4
       5
       3
       3
       0
       2
       3
       6
       2
       4
       2
       5
       4
       2
       2
       5
       5
       4
       2
       5
       3
       4
       2
       1
       6
       2
       2
       3
       1
       3
       1
       3
       2
       6
       1
       4
       3
       4
       3
       5
       5
       5
       6
       5
       1
       6
       4
       5
       1
       3
       7
       2
       1
       1
       2
       3
       1
       5
       3
       6
       2
       6
       2
       5
       6
       9
       1
       5
       3
       1
       7
       2
       8
       5
       6
       6
       6
       5
       2
       3
       7
       6
       4
       5
       6
       5
       4
       4
       6
       2
       6
       3
       4
       7
       1
       8
       8
       6
       7
       9
       9
       5
       6
       6
       3
       5
       8
       9
       6
       8
       6
       6
       6
      10
       8
       7
      10
       7
       6
      10
      10
       8
       3
       7
      13
       9
      10
       8
      15
       8
       8
      15
      14
      13
       7
      13
       9
       9
      13
       9
      21
       6
      16
       9
      12
       8
      12
      16
      12
      14
      10
      13
      19
      14
      11
      20
      18
      18
      19
      19
      17
      15
      13
      20
      24
      18
      18
      28
      22
      18
      22
      16
      23
      27
      22
      23
      22
      29
      31
      28
      25
      36
      17
      37
      35
      33
      31
      34
      33
      36
      54
      40
      39
      56
      50
      45
      41
      41
      43
      45
      38
      58
      57
      66
      52
      62
      59
      59
      58
      66
      57
      54
      62
      57
      69
      75
      81
      76
      77
      72
      87
      91
      98
      99
     111
      86
     105
     108
      86
      85
     101
      95
     115
     113
      97
     118
     113
     102
     123
     131
     133
     138
     125
     134
     135
     137
     147
     137
     142
     155
     148
     150
     171
     158
     140
     177
     155
     156
     184
     171
     168
     179
     191
     190
     191
     184
     176
     190
     187
     205
     180
     246
     217
     238
     216
     205
     198
     200
     204
     183
     222
     205
     214
     213
     222
     201
     211
     226
     222
     218
     260
     226
     221
     179
     238
     237
     236
     241
     239
     228
     229
     228
     254
     201
     226
     218
     218
     227
     222
     221
     229
     236
     220
     223
     247
     223
     242
     235
     220
     216
     227
     202
     210
     235
     215
     194
     230
     198
     217
     189
     200
     173
     201
     169
     199
     176
     222
     168
     174
     180
     170
     154
     181
     154
     184
     155
     165
     148
     157
     155
     146
     120
     147
     118
     136
     102
     116
     137
     113
     134
     108
     103
     109
     111
     114
      95
      90
     102
      89
      93
      94
      93
      96
      98
      81
      85
      64
      73
      86
      59
      64
      61
      53
      58
      55
      60
      48
      52
      52
      49
      40
      47
      42
      28
      46
      22
      40
      35
      30
      28
      29
      21
      32
      28
      26
      18
      28
      20
      23
      14
      26
      19
      11
      14
      11
      10
      20
      16
       9
       6
      15
      12
       9
      12
      18
       9
       6
      10
       4
       9
       3
       8
       6
       5
       4
       4
       8
       6
       6
       3
       9
       3
       3
       3
       0
       3
       5
       0
       4
       2
       2
       3
       0
       3
       1
       1
       3
       1
       1
       2
       1
       1
       1
       0
       2
       0
       4
       1
       2
       0
       0
       0
       1
       0
       0
       0
       0
       0
       0
       0
       2
       0
       0
       0
       0
       2
       0
       0
       1
       0
       0
       0
       0
       0
       0
       0
       0
       1
       1
       0
       0
       0
       0
       0
       0
       0
       0
       0
       1
       0
       0
       0
       0
       0
       0
       0
       0
       0
       0
       0
       0
       0
       0
       0
       0
       0
       0
       0
       0
       0
       0
       0
       0
       0
       0
       0
       0
       0
       0
       0
       0
       0
       0
       0
       0
       0
       0
       0
       0
       0
       0
       0
       0
       0
       0
       0
       0
       0
       0
       0
       0
       0
       0
       0
       0
       0
       0
       0
       0
       0
       0
       0
       0
       0
       0
       0
       0
       0
       1
       0
       0
       0
       0
       0
       0
       0
       0
       0
       0
       0
       0
       0
       0
       0
       0
       0
       0
       0
       0
       0
       0
       0
       0
       0
       0
       0
       0
       0
       0
       0
       0
       0
       0
       0
       0
       0
       0
       0
       0
       0
       0
       0
       0
       0
       0
       0
       0
       0
       0
       0
       0
       0
       0
       0
       0
       0
       0
       0
       0
       0
       0
       0
       0
       0
       0
       0
       0
       0
       0
       0
       0
       0
       0
       0
       0
       0
       0
       0
       0
       0
       0
       0
       0
       0
       0
       0
       0
       0
       0
       0
       0
       0
       0
       0
       0
       0
       0
       0
       0
       0
       0
       0
       0
       0
       0
       0
       0
       0
       0
       0
       0
       0
       0
       0
       0
       0
       0
       0
       0
       0
       0
       0
       0
       0
       0
       0
       0
       0
       0
       0
       0
       0
       0
       0
       0
       0
       0
       0
       0
       0
       0
       0
       0
       0
       0
       0
       0
       0
       0
       0
       0
       0
       0
       0
       0
       0
       0
       0
       0
       0
       0
       0
       0
       0
       0
       0
       0
       0
       0
       0
       0
       0
       0
       0
       0
       0
       0
       0
       0
       0
       0
       0
       0
       0
       0
       0
       0
       0
       0
       0
       0
       0
       0
       0
       0
       0
       0
       0
       0
       0
       0
       0
       0
       0
       0
       0
       0
       0
       0
       0
       0
       0
       0
       0
       0
       0
       0
       0
       0
       0
       0
       0
       0
       0
       0
       0
       0
       0
       0
       0
       0
       0
       0
       0
       0
       0
       0
       0
       0
       0
       0
       0
       0
       0
       0
       0
       0
       0
       0
       0
       0
       0
       0
       0
       0
       0
       0
       0
       0
       0
       0
       0
       0
       0
       0
       0
       0
       0
       0
       0
       0
       0
       0
       0
       0
       0
       0
       0
       0
       0
       0
       0
       0
       0
       0
       0
       0
       0
       0
       0
       0
       0
       0
       0
       0
       0
       0
       0
       0
       0
       0
       0
       0
       0
       0
       0
       0
       0
       0
       0
       0
       0
       0
       0
       0
       0
       0
       0
       0
       0
       0
       0
       0
       0
       0
       0
       0
       0
       0
       0
       0
       0
       0
       0
       0
       0
       0
       0
       0
       0
       0
       0
       0
       0
       0
       0
       0
       0
       0
       0
       0
       0
       0
       0
       0
       0
       0
       0
       0
       0
       0
       0
       0
       0
       0
       0
       0
       0
       0
       0
       0
       0
       0
       0
       0
       0
       0
       0
       0
       0
$ROI:
1
2 2045
$PRESETS:
None
0
0
$ENER_FIT:
0.000000 3.492040
$MCA_CAL:
3
0.000000E+000 3.492040E+000 0.000000E+000 keV
$SHAPE_CAL:
3
1.303160E+002 0.000000E+000 0.000000E+000
