$SPEC_ID:
No sample description was entered.
$SPEC_REM:
DET# 2
DETDESC# JLAB-18 MCB 131
AP# Maestro Version 7.01
$DATE_MEA:
11/03/2022 09:24:02
$MEAS_TIM:
1485 1485
$DATA:
0 2047
       0
       0
       0
       0
       0
       0
       0
       0
       0
       0
       0
       0
       0
       0
       0
       0
       0
       0
       0
       0
       0
       0
       0
       0
       0
       0
       0
       0
       0
       0
       0
       0
       0
       0
       0
       0
       0
       0
       0
       0
       0
       0
       0
       0
       0
       0
       0
       0
       0
       0
       0
       0
       0
       0
       0
       0
       0
       0
       0
       0
       0
       0
       0
       0
       0
       0
       0
       0
       0
       0
       0
       0
       0
       0
       0
       0
       0
       0
       0
       0
       0
       0
       0
       0
       0
       0
       0
       0
       0
       0
       0
       0
       0
       0
       0
       0
       0
       0
       0
       0
       0
       0
       0
       0
       0
       0
       0
       0
       0
       0
       0
       0
       0
       0
       0
       0
       0
       0
       0
       0
       0
       0
       0
       0
       0
       0
       0
       0
       0
       0
       0
       0
       0
       0
       0
       0
       0
       0
       0
       0
       0
       0
       0
       0
       0
       0
       0
       0
       0
       0
       0
       0
       0
       0
       0
       0
       0
       0
       0
       0
       0
       0
       0
       0
       0
       0
       0
       0
       0
       0
       0
       0
       0
       0
       0
       0
       0
       0
       0
       0
       0
       0
       0
       0
       0
       0
       0
       0
       0
       0
       0
       0
       0
       1
       0
       1
       0
       0
       1
       0
       3
       0
       0
       0
       1
       1
       2
       0
       0
       1
       0
       2
       2
       1
       1
       1
       1
       1
       1
       1
       0
       1
       0
       0
       0
       2
       0
       0
       2
       1
       1
       1
       0
       0
       0
       2
       0
       2
       0
       1
       1
       0
       3
       3
       0
       0
       2
       1
       1
       0
       0
       2
       0
       0
       1
       0
       0
       0
       0
       1
       1
       0
       0
       2
       0
       0
       0
       1
       1
       2
       1
       1
       0
       0
       1
       0
       1
       2
       1
       0
       0
       1
       0
       1
       1
       0
       0
       0
       0
       1
       0
       3
       1
       0
       0
       0
       0
       0
       1
       0
       0
       2
       1
       0
       1
       2
       3
       0
       0
       0
       3
       0
       1
       2
       2
       0
       2
       0
       1
       0
       0
       3
       0
       0
       0
       0
       3
       1
       0
       1
       2
       3
       0
       0
       0
       0
       0
       0
       0
       1
       0
       2
       0
       0
       3
       1
       4
       0
       0
       0
       0
       1
       1
       1
       2
       1
       2
       2
       2
       2
       3
       1
       1
       0
       0
       3
       0
       1
       2
       1
       3
       1
       2
       0
       0
       0
       0
       2
       0
       0
       2
       2
       0
       0
       2
       1
       1
       0
       0
       2
       2
       0
       2
       0
       1
       2
       0
       1
       0
       1
       1
       1
       2
       4
       0
       2
       1
       0
       0
       1
       0
       0
       2
       0
       0
       0
       3
       0
       0
       3
       0
       1
       1
       0
       1
       2
       0
       0
       0
       3
       0
       1
       3
       0
       1
       3
       2
       1
       1
       0
       2
       1
       1
       1
       2
       0
       1
       4
       1
       2
       2
       1
       1
       0
       1
       2
       1
       1
       0
       1
       2
       0
       2
       0
       5
       1
       0
       1
       2
       0
       0
       0
       1
       1
       1
       1
       1
       0
       1
       1
       0
       1
       1
       2
       0
       1
       0
       1
       1
       0
       2
       2
       0
       1
       2
       1
       3
       1
       0
       1
       2
       2
       2
       0
       0
       2
       1
       3
       1
       2
       2
       2
       1
       3
       0
       0
       4
       1
       2
       1
       2
       0
       1
       2
       1
       1
       0
       1
       0
       1
       1
       3
       0
       3
       1
       3
       1
       1
       3
       2
       2
       2
       2
       0
       1
       0
       0
       2
       2
       1
       0
       1
       1
       0
       1
       2
       1
       1
       0
       0
       0
       2
       1
       2
       1
       1
       0
       0
       4
       2
       1
       2
       0
       0
       0
       2
       1
       0
       1
       1
       2
       2
       0
       0
       2
       1
       2
       5
       0
       1
       0
       2
       1
       0
       3
       4
       1
       1
       0
       2
       0
       2
       3
       1
       4
       3
       2
       0
       0
       0
       0
       2
       3
       4
       2
       2
       3
       0
       1
       2
       0
       1
       0
       0
       1
       1
       1
       2
       0
       3
       1
       0
       1
       3
       2
       2
       2
       1
       3
       0
       1
       2
       1
       0
       1
       0
       3
       2
       2
       2
       2
       2
       1
       1
       3
       5
       1
       0
       1
       4
       1
       3
       1
       3
       0
       0
       1
       2
       0
       2
       1
       0
       1
       1
       3
       1
       1
       0
       2
       1
       2
       1
       0
       1
       3
       0
       0
       1
       1
       3
       2
       2
       2
       0
       0
       0
       1
       2
       1
       2
       0
       1
       3
       0
       2
       1
       0
       0
       1
       0
       0
       1
       1
       1
       1
       3
       3
       1
       1
       0
       2
       2
       1
       0
       0
       1
       2
       2
       1
       0
       1
       1
       2
       0
       1
       1
       1
       2
       1
       1
       0
       2
       0
       0
       1
       3
       1
       1
       1
       2
       1
       2
       1
       1
       0
       2
       3
       3
       3
       2
       3
       2
       0
       0
       2
       0
       1
       2
       0
       3
       3
       1
       0
       2
       4
       3
       1
       1
       1
       0
       0
       0
       0
       1
       0
       2
       1
       3
       3
       1
       2
       0
       1
       1
       3
       3
       0
       0
       1
       4
       1
       0
       2
       1
       0
       1
       1
       1
       3
       3
       0
       3
       2
       0
       1
       3
       1
       1
       1
       0
       4
       2
       4
       1
       2
       1
       1
       1
       1
       4
       2
       3
       3
       1
       4
       3
       4
       2
       4
       4
       2
       5
       4
       5
       3
       2
       1
       1
       5
       3
       2
       2
       3
       1
       1
       0
       1
       4
       2
       5
       2
       2
       2
       1
       3
       2
       3
       6
       5
       1
       2
       1
       4
       7
       1
       1
       7
       3
       4
       1
       7
       4
       6
       4
       3
       5
       8
       4
       5
       4
       4
       4
      10
       6
       4
       5
       6
      16
       8
       8
       8
       9
       6
       6
       2
      12
       9
       9
       5
       5
      15
      13
       4
       7
       5
      15
       8
      10
      11
       9
       9
      10
      10
      10
      12
      10
      10
      12
      15
      12
      17
      17
      15
      20
      23
      19
      17
      29
      23
      19
      26
      16
      26
      26
      32
      34
      35
      29
      28
      22
      29
      40
      23
      30
      35
      37
      35
      44
      22
      46
      47
      31
      46
      51
      64
      64
      47
      50
      54
      54
      52
      56
      61
      54
      55
      59
      64
      62
      71
      79
      82
      81
      70
      85
      84
      66
      78
      58
      67
      90
      83
      88
      90
      75
      78
      76
      93
      95
      81
      87
     100
     108
     106
     112
      95
     100
      96
      80
     103
      87
     103
     108
      96
     120
     106
      96
     111
      97
     103
     124
     108
     102
      96
     122
     101
     104
     114
     107
     124
     102
     105
     114
     102
     101
      89
     109
      85
      97
      92
     101
      78
     110
     114
      97
      95
      80
      95
      98
      86
      81
      85
      92
      82
      92
      80
      86
      68
      76
      85
      66
      72
      85
      80
      90
      66
      58
      80
      68
      76
      62
      58
      70
      49
      62
      55
      64
      56
      52
      64
      45
      46
      46
      38
      42
      42
      33
      45
      45
      22
      41
      35
      31
      30
      24
      22
      24
      30
      27
      27
      29
      26
      15
      18
      30
      23
      13
      19
      23
      12
      19
      13
      22
      13
      13
      14
      19
      14
       3
      11
      15
      17
       6
       5
      10
       9
       8
      10
       7
       3
       5
       6
       4
       3
       5
       6
       1
       5
       4
       5
       1
       3
       2
       2
       4
       2
       1
       3
       4
       2
       3
       4
       2
       1
       2
       4
       1
       0
       1
       0
       1
       1
       1
       1
       2
       1
       1
       0
       1
       0
       1
       0
       1
       0
       0
       1
       0
       0
       0
       0
       0
       1
       0
       0
       1
       0
       0
       1
       0
       0
       0
       0
       0
       0
       0
       0
       0
       0
       0
       0
       0
       0
       0
       0
       1
       0
       0
       0
       0
       1
       0
       0
       0
       0
       0
       0
       0
       0
       0
       0
       0
       0
       0
       0
       0
       0
       0
       0
       0
       0
       0
       0
       0
       0
       0
       0
       0
       0
       0
       0
       0
       0
       0
       0
       0
       0
       0
       0
       1
       0
       1
       0
       0
       0
       0
       0
       0
       0
       0
       0
       0
       0
       0
       0
       0
       0
       1
       0
       0
       0
       0
       0
       0
       0
       0
       0
       0
       0
       1
       0
       0
       0
       0
       0
       0
       0
       0
       0
       0
       0
       0
       0
       0
       0
       0
       0
       0
       0
       0
       0
       0
       0
       0
       0
       0
       0
       0
       0
       0
       0
       0
       0
       0
       0
       0
       0
       0
       0
       0
       0
       0
       0
       0
       0
       0
       0
       0
       0
       0
       0
       0
       0
       0
       0
       0
       0
       0
       0
       0
       0
       0
       0
       0
       0
       0
       0
       0
       0
       0
       0
       0
       0
       0
       0
       0
       0
       0
       0
       0
       0
       0
       0
       0
       0
       0
       0
       0
       0
       0
       0
       0
       0
       0
       0
       0
       0
       0
       0
       0
       0
       0
       0
       0
       0
       0
       0
       0
       0
       0
       0
       0
       0
       0
       0
       0
       0
       0
       0
       0
       0
       0
       0
       0
       0
       0
       0
       0
       0
       0
       0
       0
       0
       0
       0
       0
       0
       0
       0
       0
       0
       0
       0
       0
       0
       0
       0
       0
       0
       0
       0
       0
       0
       0
       0
       0
       0
       0
       0
       0
       0
       0
       0
       0
       0
       0
       0
       0
       0
       0
       0
       0
       0
       0
       0
       0
       0
       0
       0
       0
       0
       0
       0
       0
       0
       0
       0
       0
       0
       0
       0
       0
       0
       0
       0
       0
       0
       0
       0
       0
       0
       0
       0
       0
       0
       0
       0
       0
       0
       0
       0
       0
       0
       0
       0
       0
       0
       0
       0
       0
       0
       0
       0
       0
       0
       0
       0
       0
       0
       0
       0
       0
       0
       0
       0
       0
       0
       0
       0
       0
       0
       0
       0
       0
       0
       0
       0
       0
       0
       0
       0
       0
       0
       0
       0
       0
       0
       0
       0
       0
       0
       0
       0
       0
       0
       0
       0
       0
       0
       0
       0
       0
       0
       0
       0
       0
       0
       0
       0
       0
       0
       0
       0
       0
       0
       0
       0
       0
       0
       0
       0
       0
       0
       0
       0
       0
       0
       0
       0
       0
       0
       0
       0
       0
       0
       0
       0
       0
       0
       0
       0
       0
       0
       0
       0
       0
       0
       0
       0
       0
       0
       0
       0
       0
       0
       0
       0
       0
       0
       0
       0
       0
       0
       0
       0
       0
       0
       0
       0
       0
       0
       0
       0
       0
       0
       0
       0
       0
       0
       0
       0
       0
       0
       0
       0
       0
       0
       0
       0
       0
       0
       0
       0
       0
       0
       0
       0
       0
       0
       0
       0
       0
       0
       0
       0
       0
       0
       0
       0
       0
       0
       0
       0
       0
       0
       0
       0
       0
       0
       0
       0
       0
       0
       0
       0
       0
       0
       0
       0
       0
       0
       0
       0
       0
       0
       0
       0
       0
       0
       0
       0
       0
       0
       0
       0
       0
       0
       0
       0
       0
       0
       0
       0
       0
       0
       0
       0
       0
       0
       0
       0
       0
       0
       0
       0
       0
       0
       0
       0
       0
       0
       0
       0
       0
       0
       0
       0
       0
       0
       0
       0
       0
       0
       0
       0
       0
       0
       0
       0
       0
       0
       0
       0
       0
       0
       0
       0
       0
       0
       0
       0
       0
       0
       0
       0
       0
       0
       0
       0
       0
       0
       0
       0
       0
       0
       0
       0
       0
       0
       0
       0
       0
       0
       0
       0
       0
       0
       0
       0
       0
       0
       0
       0
       0
       0
       0
       0
       0
       0
       0
       0
       0
       0
       0
       0
       0
       0
       0
       0
       0
       0
       0
       0
       0
       0
       0
       0
       0
       0
       0
       0
       0
       0
       0
       0
       0
       0
       0
       0
       0
       0
       0
       0
       0
       0
       0
       0
       0
       0
       0
       0
       0
       0
       0
       0
       0
       0
       0
       0
       0
       0
       0
       0
       0
       0
       0
       0
       0
       0
       0
       0
       0
       0
       0
       0
       0
       0
       0
       0
       0
       0
       0
       0
       0
       0
       0
       0
       0
       0
       0
       0
       0
       0
       0
       0
       0
       0
       0
       0
       0
       0
       0
       0
       0
       0
       0
       0
       0
       0
       0
       0
       0
       0
       0
       0
       0
       0
       0
       0
       0
       0
       0
       0
       0
       0
       0
       0
       0
       0
       0
       0
       0
       0
       0
       0
       0
       0
       0
       0
       0
       0
       0
       0
       0
       0
       0
       0
       0
       0
       0
       0
       0
       0
       0
       0
       0
       0
       0
       0
       0
       0
       0
       0
       0
       0
       0
       0
       0
       0
       0
       0
       0
       0
       0
       0
       0
       0
       0
       0
       0
       0
       0
       0
       0
       0
       0
       0
       0
       0
       0
       0
       0
       0
       0
       0
       0
       0
       0
       0
       0
       0
       0
       0
       0
       0
       0
       0
       0
       0
       0
       0
       0
       0
       0
       0
       0
       0
       0
       0
       0
       0
       0
       0
       0
       0
       0
       0
       0
       0
       0
       0
       0
       0
       0
       0
       0
       0
       0
       0
       0
       0
       0
       0
       0
       0
       0
       0
       0
       0
       0
       0
       0
       0
       0
       0
       0
       0
       0
       0
       0
       0
       0
       0
       0
       0
       0
       0
       0
       0
       0
$ROI:
1
2 2045
$PRESETS:
None
0
0
$ENER_FIT:
0.000000 3.492040
$MCA_CAL:
3
0.000000E+000 3.492040E+000 0.000000E+000 keV
$SHAPE_CAL:
3
1.303160E+002 0.000000E+000 0.000000E+000
