$SPEC_ID:
No sample description was entered.
$SPEC_REM:
DET# 2
DETDESC# JLAB-18 MCB 131
AP# Maestro Version 7.01
$DATE_MEA:
11/02/2022 15:22:36
$MEAS_TIM:
360 360
$DATA:
0 2047
       0
       0
       0
       0
       0
       0
       0
       0
       0
       0
       0
       0
       0
       0
       0
       0
       0
       0
       0
       0
       0
       0
       0
       0
       0
       0
       0
       0
       0
       0
       0
       0
       0
       0
       0
       0
       0
       0
       0
       0
       0
       0
       0
       0
       0
       0
       0
       0
       0
       0
       0
       0
       0
       0
       0
       0
       0
       0
       0
       0
       0
       0
       0
       0
       0
       0
       0
       0
       0
       0
       0
       0
       0
       0
       0
       0
       0
       0
       0
       0
       0
       0
       0
       0
       0
       0
       0
       0
       0
       0
       0
       0
       0
       0
       0
       0
       0
       0
       0
       0
       0
       0
       0
       0
       0
       0
       0
       0
       0
       0
       0
       0
       0
       0
       0
       0
       0
       0
       0
       0
       0
       0
       0
       0
       0
       0
       0
       0
       0
       0
       0
       0
       0
       0
       0
       0
       0
       0
       0
       0
       0
       0
       0
       0
       0
       0
       0
       0
       0
       0
       0
       0
       0
       0
       0
       0
       0
       0
       0
       0
       0
       0
       0
       0
       0
       0
       0
       0
       0
       0
       0
       0
       0
       0
       0
       0
       0
       0
       0
       0
       0
       0
       0
       0
       0
       0
       0
       0
       0
       0
       0
       0
       0
       0
       0
       0
       0
       0
       0
       0
       1
       0
       0
       0
       1
       0
       0
       0
       0
       2
       0
       1
       0
       0
       1
       0
       0
       0
       0
       0
       0
       0
       1
       2
       0
       0
       0
       0
       0
       0
       0
       0
       1
       1
       0
       0
       1
       0
       0
       0
       0
       0
       0
       0
       0
       0
       0
       1
       1
       1
       0
       1
       0
       1
       2
       0
       2
       0
       0
       0
       1
       0
       0
       1
       0
       0
       0
       0
       0
       0
       0
       0
       0
       0
       1
       2
       0
       1
       0
       0
       0
       0
       0
       0
       0
       0
       1
       1
       0
       0
       0
       0
       0
       0
       0
       0
       1
       0
       0
       0
       0
       0
       1
       0
       0
       0
       0
       0
       1
       2
       0
       0
       1
       0
       1
       0
       0
       1
       0
       0
       0
       1
       0
       0
       0
       0
       1
       0
       0
       1
       0
       0
       0
       0
       0
       0
       0
       0
       1
       0
       0
       0
       0
       0
       0
       0
       1
       0
       0
       0
       0
       1
       0
       0
       0
       0
       0
       0
       2
       0
       0
       0
       1
       0
       0
       0
       2
       2
       0
       0
       0
       0
       0
       1
       0
       0
       0
       0
       0
       1
       0
       2
       0
       0
       0
       0
       0
       0
       1
       0
       0
       0
       0
       0
       0
       0
       2
       0
       0
       0
       0
       0
       1
       0
       0
       0
       1
       0
       0
       1
       1
       1
       0
       0
       1
       0
       0
       0
       0
       0
       0
       1
       0
       0
       0
       0
       1
       0
       0
       0
       0
       1
       0
       0
       0
       0
       0
       0
       0
       0
       0
       0
       0
       0
       0
       0
       0
       2
       1
       0
       0
       1
       0
       0
       0
       0
       0
       0
       0
       2
       2
       0
       1
       1
       0
       0
       1
       0
       0
       0
       0
       1
       2
       2
       1
       0
       1
       0
       0
       0
       0
       1
       0
       0
       0
       0
       0
       1
       2
       0
       0
       0
       0
       0
       0
       1
       0
       0
       0
       0
       0
       0
       0
       1
       0
       0
       0
       0
       0
       1
       0
       0
       0
       0
       1
       0
       0
       0
       0
       1
       1
       0
       0
       0
       1
       1
       1
       0
       1
       1
       0
       0
       0
       0
       0
       0
       1
       0
       1
       0
       0
       0
       0
       0
       0
       0
       0
       2
       0
       1
       0
       0
       0
       0
       1
       0
       0
       0
       0
       0
       0
       0
       1
       1
       0
       0
       0
       0
       0
       1
       0
       0
       0
       0
       0
       0
       0
       2
       0
       0
       0
       0
       1
       0
       0
       0
       0
       2
       0
       0
       0
       0
       1
       0
       0
       0
       0
       3
       1
       2
       0
       0
       0
       3
       0
       1
       0
       1
       0
       1
       0
       0
       0
       0
       0
       0
       0
       0
       2
       0
       0
       1
       0
       0
       0
       0
       0
       0
       0
       0
       0
       0
       0
       0
       1
       0
       1
       0
       1
       1
       1
       0
       0
       0
       0
       0
       0
       1
       0
       0
       0
       1
       2
       0
       0
       0
       1
       1
       1
       3
       0
       0
       1
       1
       0
       0
       0
       1
       0
       0
       1
       0
       0
       2
       0
       0
       0
       0
       1
       0
       1
       0
       1
       0
       1
       0
       1
       0
       0
       0
       0
       0
       0
       0
       0
       0
       2
       0
       0
       0
       1
       0
       0
       0
       1
       0
       2
       1
       0
       0
       0
       0
       0
       0
       0
       0
       2
       0
       1
       1
       1
       0
       0
       1
       0
       1
       1
       0
       0
       0
       0
       0
       0
       0
       0
       1
       0
       0
       2
       0
       0
       0
       1
       2
       0
       0
       0
       1
       1
       0
       0
       0
       0
       2
       0
       0
       1
       0
       0
       0
       0
       1
       1
       1
       0
       0
       0
       0
       0
       0
       2
       0
       0
       0
       0
       0
       0
       0
       0
       1
       2
       0
       0
       2
       0
       1
       1
       1
       0
       0
       0
       1
       0
       1
       0
       1
       0
       1
       0
       0
       0
       0
       3
       0
       0
       0
       0
       0
       1
       0
       1
       5
       0
       1
       0
       0
       0
       0
       1
       1
       0
       1
       1
       0
       0
       0
       2
       0
       0
       0
       3
       1
       0
       1
       2
       0
       1
       0
       1
       0
       0
       0
       1
       0
       0
       0
       3
       0
       2
       1
       1
       1
       0
       0
       0
       0
       0
       0
       0
       0
       0
       1
       2
       0
       0
       0
       1
       0
       0
       0
       1
       0
       0
       1
       1
       0
       1
       1
       0
       0
       0
       0
       2
       1
       0
       0
       1
       1
       0
       0
       0
       0
       0
       3
       0
       0
       1
       0
       1
       1
       3
       2
       1
       1
       0
       1
       0
       0
       1
       2
       0
       0
       0
       1
       0
       0
       0
       1
       1
       0
       0
       0
       1
       0
       0
       0
       1
       1
       1
       0
       0
       0
       0
       0
       0
       2
       1
       0
       0
       0
       0
       0
       0
       2
       0
       0
       3
       0
       0
       0
       1
       1
       0
       0
       3
       2
       1
       0
       0
       1
       0
       2
       0
       0
       0
       1
       0
       0
       0
       0
       2
       0
       0
       1
       3
       0
       1
       1
       0
       1
       0
       0
       1
       1
       0
       0
       2
       0
       1
       2
       1
       1
       0
       1
       1
       1
       0
       1
       0
       0
       2
       0
       1
       0
       1
       0
       1
       4
       1
       1
       2
       0
       0
       1
       1
       1
       2
       3
       1
       2
       0
       2
       1
       0
       1
       0
       1
       1
       0
       0
       0
       3
       0
       0
       2
       0
       2
       0
       0
       0
       0
       1
       1
       0
       1
       0
       2
       2
       0
       2
       2
       1
       0
       0
       2
       1
       0
       2
       0
       1
       0
       1
       0
       4
       3
       0
       0
       0
       2
       1
       1
       1
       1
       1
       0
       2
       1
       1
       1
       0
       0
       0
       1
       1
       0
       0
       1
       0
       2
       1
       1
       3
       2
       1
       0
       2
       2
       2
       2
       0
       0
       2
       1
       0
       0
       0
       0
       0
       1
       1
       0
       2
       0
       2
       1
       0
       0
       2
       2
       1
       0
       0
       0
       0
       0
       2
       1
       0
       1
       2
       2
       0
       3
       0
       3
       6
       0
       4
       2
       2
       2
       3
       4
       2
       2
       4
       0
       4
       2
       2
       0
       2
       3
       1
       4
       2
       4
       2
       0
       2
       2
       2
       0
       0
       1
       3
       0
       3
       3
       4
       1
       1
       1
       4
       2
       0
       1
       1
       2
       0
       2
       5
       1
       1
       3
       3
       2
       6
       2
       3
       1
       3
       3
       2
       2
       2
       5
       3
       2
       3
       6
       3
       7
       4
       2
       2
       4
       2
       5
       2
       2
       3
       3
       6
       6
       7
       4
       6
       3
       5
       5
       4
       7
       7
       2
       7
       5
       5
       3
       4
       5
       7
       5
       5
       4
       6
       2
       3
       9
      10
       6
       9
       9
       8
       5
       4
      17
       7
       5
       9
       8
       8
       9
       9
       6
       7
       9
       8
      14
      14
      12
       8
      11
      13
      18
       9
      12
      11
      14
      11
      13
      16
      15
       9
      13
      11
      15
      15
      12
       8
      13
      21
      14
      16
      23
      25
      14
      12
      14
      28
      19
      19
      16
      13
      26
      30
      31
      31
      20
      17
      25
      25
      23
      30
      29
      37
      30
      23
      28
      33
      33
      38
      40
      46
      39
      44
      28
      34
      44
      34
      41
      30
      42
      62
      37
      43
      47
      47
      44
      54
      59
      41
      74
      67
      49
      41
      47
      57
      60
      49
      65
      58
      67
      52
      72
      67
      80
      61
      58
      63
      58
      59
      83
      88
      86
      82
     102
      87
      78
      73
      93
      82
     113
      98
      74
      80
      87
      98
      86
      82
      91
     104
      96
     105
     126
     100
     117
     117
     105
     107
     100
      98
     105
     101
     109
     113
     114
     115
     120
      93
     124
     113
     125
     108
     119
     127
     110
     123
     120
     128
     104
     127
     120
     138
     118
     110
     121
     122
     125
     107
     132
     104
     127
     126
     119
     130
     134
     105
     115
     115
      96
      96
     115
     100
     106
     114
      97
     103
     118
     116
     109
     114
      98
     103
      97
      95
     104
      82
      90
      74
      90
      78
      94
     103
      85
      73
      97
      71
      92
      90
      90
      76
      72
      64
      80
      77
      62
      65
      67
      48
      70
      45
      79
      56
      54
      56
      59
      59
      50
      48
      60
      53
      48
      40
      45
      33
      43
      47
      32
      44
      33
      34
      35
      34
      30
      27
      28
      27
      24
      29
      31
      25
      23
      26
      21
      21
      22
      22
      24
      17
      16
      21
      19
      18
      16
       9
      24
      10
      17
       9
      16
      17
       6
       4
       7
      15
      13
       7
      11
       5
       5
       7
       5
       7
       8
       2
       5
       5
       3
       5
       5
       4
       3
       3
       3
       2
       3
       2
       3
       3
       1
       3
       0
       0
       1
       3
       3
       0
       3
       1
       0
       3
       0
       1
       3
       2
       2
       0
       2
       0
       0
       1
       4
       0
       0
       1
       0
       0
       0
       0
       0
       1
       0
       0
       0
       0
       0
       0
       0
       0
       0
       0
       0
       0
       0
       0
       0
       0
       0
       0
       0
       0
       0
       0
       0
       0
       0
       0
       1
       0
       0
       0
       0
       0
       0
       0
       0
       0
       0
       0
       0
       0
       0
       0
       0
       0
       0
       0
       0
       0
       0
       0
       0
       0
       0
       0
       0
       0
       0
       0
       0
       0
       0
       0
       0
       0
       0
       0
       0
       0
       0
       0
       0
       0
       0
       0
       0
       0
       0
       0
       0
       0
       0
       0
       0
       0
       0
       0
       0
       0
       0
       0
       0
       0
       0
       0
       0
       0
       0
       0
       0
       0
       0
       0
       0
       0
       0
       0
       0
       0
       0
       0
       0
       0
       0
       0
       0
       0
       0
       0
       0
       0
       0
       0
       0
       0
       0
       0
       0
       0
       0
       0
       0
       0
       0
       0
       0
       0
       0
       0
       0
       0
       0
       0
       0
       0
       0
       0
       0
       0
       0
       0
       0
       0
       0
       0
       0
       0
       0
       0
       0
       0
       0
       0
       0
       0
       0
       0
       0
       0
       0
       0
       0
       0
       0
       0
       0
       0
       0
       0
       0
       0
       0
       0
       0
       0
       0
       0
       0
       0
       0
       0
       0
       0
       0
       0
       0
       0
       0
       0
       0
       0
       0
       0
       0
       0
       0
       0
       0
       0
       0
       0
       0
       0
       0
       0
       0
       0
       0
       0
       0
       0
       0
       0
       0
       0
       0
       0
       0
       0
       0
       0
       0
       0
       0
       0
       0
       0
       0
       0
       0
       0
       0
       0
       0
       0
       0
       0
       0
       0
       0
       0
       0
       0
       0
       0
       0
       0
       0
       0
       0
       0
       0
       0
       0
       0
       0
       0
       0
       0
       0
       0
       0
       0
       0
       0
       0
       0
       0
       0
       0
       0
       0
       0
       0
       0
       0
       0
       0
       0
       0
       0
       0
       0
       0
       0
       0
       0
       0
       0
       0
       0
       0
       0
       0
       0
       0
       0
       0
       0
       0
       0
       0
       0
       0
       0
       0
       0
       0
       0
       0
       0
       0
       0
       0
       0
       0
       0
       0
       0
       0
       0
       0
       0
       0
       0
       0
       0
       0
       0
       0
       0
       0
       0
       0
       0
       0
       0
       0
       0
       0
       0
       0
       0
       0
       0
       0
       0
       0
       0
       0
       0
       0
       0
       0
       0
       0
       0
       0
       0
       0
       0
       0
       0
       0
       0
       0
       0
       0
       0
       0
       0
       0
       0
       0
       0
       0
       0
       0
       0
       0
       0
       0
       0
       0
       0
       0
       0
       0
       0
       0
       0
       0
       0
       0
       0
       0
       0
       0
       0
       0
       0
       0
       0
       0
       0
       0
       0
       0
       0
       0
       0
       0
       0
       0
       0
       0
       0
       0
       0
       0
       0
       0
       0
       0
       0
       0
       0
       0
       0
       0
       0
       0
       0
       0
       0
       0
       0
       0
       0
       0
       0
       0
       0
       0
       0
       0
       0
       0
       0
       0
       0
       0
       0
       0
       0
       0
       0
       0
       0
       0
       0
       0
       0
       0
       0
       0
       0
$ROI:
1
157 1723
$PRESETS:
None
0
0
$ENER_FIT:
0.000000 3.492040
$MCA_CAL:
3
0.000000E+000 3.492040E+000 0.000000E+000 keV
$SHAPE_CAL:
3
1.303160E+002 0.000000E+000 0.000000E+000
