$SPEC_ID:
No sample description was entered.
$SPEC_REM:
DET# 2
DETDESC# JLAB-18 MCB 131
AP# Maestro Version 7.01
$DATE_MEA:
12/07/2022 15:28:00
$MEAS_TIM:
391 393
$DATA:
0 2047
       0
       0
       0
       0
       0
       0
       0
       0
       0
       0
       0
       0
       0
       0
       0
       0
       0
       0
       0
       0
       0
       0
       0
       0
       0
       0
       0
       0
       0
       0
       0
       0
       0
       0
       0
       0
       0
       0
       0
       0
       0
       0
       0
       0
       0
       0
       0
       0
       0
       0
       0
       0
       0
       0
       0
       0
       0
       0
       0
       0
       0
       0
       0
       0
       0
       0
       0
       0
       0
       0
       0
       0
       0
       0
       0
       0
       0
       0
       0
       0
       0
       0
       0
       0
       0
       0
       0
       0
       0
       0
       0
       0
       0
       0
       0
       0
       0
       0
       0
       0
       0
       0
       0
       0
       0
       0
       0
       0
       0
       0
       2
       1
       4
       0
       1
       1
       0
       0
       3
       0
       2
       3
       1
       0
       3
       1
       1
       1
       3
       2
       0
       0
       0
       1
       2
       0
       1
       0
       2
       1
       0
       2
       0
       0
       1
       0
       0
       3
       0
       0
       1
       0
       0
       1
       0
       0
       1
       1
       0
       0
       0
       0
       0
       1
       0
       1
       0
       0
       2
       0
       1
       1
       1
       0
       0
       0
       1
       2
       1
       0
       0
       1
       0
       1
       1
       1
       0
       0
       2
       2
       0
       0
       1
       0
       1
       0
       1
       1
       0
       0
       0
       0
       0
       1
       0
       0
       0
       0
       0
       0
       0
       0
       1
       0
       1
       1
       1
       0
       2
       1
       1
       0
       1
       0
       0
       0
       0
       1
       0
       1
       0
       0
       0
       0
       3
       1
       1
       0
       0
       1
       0
       0
       0
       0
       0
       1
       1
       0
       0
       1
       1
       1
       0
       2
       0
       0
       1
       0
       2
       0
       0
       3
       0
       0
       0
       0
       0
       0
       1
       0
       0
       1
       0
       1
       0
       0
       2
       1
       1
       1
       0
       2
       0
       0
       0
       1
       0
       2
       0
       1
       0
       0
       0
       0
       0
       0
       0
       0
       0
       0
       2
       0
       3
       0
       0
       0
       0
       0
       0
       0
       0
       0
       0
       0
       1
       0
       0
       0
       0
       0
       0
       1
       0
       0
       3
       0
       0
       0
       1
       0
       0
       1
       0
       1
       0
       1
       0
       2
       0
       1
       0
       0
       0
       0
       0
       0
       0
       1
       0
       0
       0
       0
       1
       0
       0
       0
       1
       1
       1
       0
       0
       0
       0
       0
       0
       0
       0
       0
       0
       0
       0
       0
       0
       0
       0
       0
       1
       0
       0
       0
       0
       0
       0
       0
       0
       0
       0
       0
       0
       2
       0
       0
       0
       0
       0
       0
       0
       1
       1
       1
       0
       2
       1
       0
       0
       1
       0
       0
       0
       1
       0
       0
       0
       0
       1
       0
       0
       1
       0
       0
       0
       0
       0
       0
       0
       0
       1
       1
       0
       0
       0
       1
       0
       0
       0
       0
       0
       0
       1
       0
       2
       0
       1
       0
       0
       0
       1
       1
       1
       0
       1
       1
       0
       1
       0
       0
       0
       0
       0
       0
       0
       1
       1
       0
       0
       0
       0
       0
       1
       1
       0
       0
       1
       0
       0
       2
       1
       0
       0
       0
       0
       0
       0
       0
       2
       0
       1
       0
       0
       0
       0
       0
       0
       0
       1
       0
       1
       1
       1
       0
       2
       0
       1
       0
       1
       1
       0
       0
       0
       0
       0
       0
       0
       2
       0
       0
       0
       1
       0
       0
       1
       2
       0
       0
       0
       1
       0
       0
       0
       0
       0
       0
       0
       1
       0
       1
       1
       0
       1
       0
       1
       0
       0
       0
       1
       1
       1
       0
       0
       1
       1
       0
       0
       0
       0
       0
       0
       0
       1
       2
       0
       0
       3
       1
       0
       0
       0
       0
       1
       0
       1
       0
       0
       0
       0
       0
       0
       0
       0
       2
       2
       0
       0
       0
       0
       2
       0
       0
       0
       0
       1
       0
       3
       0
       1
       1
       1
       0
       0
       1
       0
       0
       0
       0
       0
       0
       0
       0
       0
       1
       0
       3
       0
       0
       1
       2
       0
       0
       2
       0
       1
       0
       0
       2
       0
       0
       1
       0
       0
       2
       1
       0
       0
       1
       1
       1
       1
       0
       0
       0
       1
       2
       0
       0
       1
       0
       1
       0
       2
       0
       0
       2
       1
       0
       0
       0
       0
       0
       0
       0
       1
       1
       0
       0
       0
       2
       0
       1
       0
       0
       1
       1
       1
       1
       1
       0
       1
       0
       0
       1
       1
       0
       0
       1
       1
       1
       0
       0
       0
       1
       0
       0
       0
       0
       1
       1
       0
       0
       1
       0
       0
       0
       1
       0
       0
       0
       0
       1
       1
       1
       0
       2
       0
       2
       0
       0
       0
       1
       1
       1
       1
       0
       0
       2
       0
       0
       1
       0
       0
       0
       2
       1
       0
       2
       0
       0
       1
       1
       3
       0
       2
       2
       2
       2
       0
       0
       3
       1
       1
       1
       1
       0
       0
       1
       0
       1
       1
       1
       1
       0
       0
       1
       0
       0
       0
       1
       0
       1
       1
       0
       1
       0
       2
       2
       0
       2
       0
       0
       4
       0
       0
       0
       0
       0
       4
       0
       0
       2
       0
       3
       1
       0
       0
       3
       1
       0
       0
       0
       1
       0
       3
       1
       1
       1
       0
       0
       1
       2
       0
       0
       0
       1
       3
       0
       0
       2
       0
       1
       0
       0
       1
       1
       1
       2
       1
       1
       1
       1
       1
       1
       0
       1
       1
       1
       0
       2
       3
       1
       1
       0
       3
       1
       1
       2
       1
       2
       1
       1
       1
       3
       2
       1
       0
       3
       0
       2
       0
       1
       2
       3
       2
       1
       1
       2
       0
       1
       0
       1
       1
       2
       0
       2
       3
       1
       2
       0
       0
       1
       2
       0
       1
       2
       2
       2
       2
       1
       1
       3
       1
       0
       1
       5
       0
       2
       2
       4
       3
       1
       2
       2
       2
       2
       3
       4
       4
       4
       2
       2
       2
       1
       1
       2
       1
       2
       1
       3
       2
       1
       1
       2
       2
       3
       0
       1
       3
       2
       4
       5
       5
       4
       4
       4
       3
       3
       1
       3
       6
       3
       4
       3
       4
       2
       2
       1
       3
       4
       1
       2
       6
       4
       3
       2
       5
       4
       5
       4
       6
       2
       2
       3
       5
       3
       0
       7
       6
       6
       2
       5
       3
       3
       2
       5
       7
       4
       2
       1
       8
       3
       6
       5
       6
       7
       6
       5
       6
       6
       2
       6
       5
       9
       7
       7
       6
       1
       8
       5
       7
      14
       6
       6
       1
       4
       7
       8
       9
       6
       9
       8
       1
       9
       5
      13
       8
       9
       8
      11
      11
       8
       9
       7
      10
       2
       7
      10
      14
       7
       6
       9
       8
       4
       9
      15
      12
      12
      10
      14
       5
      11
      11
      16
      10
      18
      15
      16
      10
      19
      14
      18
      13
      19
      22
      17
      19
      11
      18
      17
      24
      13
      12
      26
      14
      13
      25
      20
      18
      21
      17
      17
      19
      24
      23
      23
      19
      30
      24
      27
      29
      20
      29
      29
      26
      39
      23
      23
      24
      32
      24
      30
      28
      36
      29
      40
      30
      35
      47
      36
      30
      36
      39
      35
      56
      33
      39
      37
      31
      41
      34
      38
      47
      44
      58
      52
      43
      43
      43
      42
      43
      48
      45
      53
      52
      47
      54
      48
      59
      54
      49
      48
      60
      50
      46
      60
      48
      62
      46
      51
      48
      59
      69
      68
      67
      64
      55
      70
      60
      65
      62
      79
      68
      80
      68
      59
      83
      74
      74
      73
      58
      54
      83
      73
      66
      81
      72
      71
      58
      66
      62
      85
      68
      86
      82
      72
      76
      71
      96
      83
      79
      82
      79
      67
      67
      77
      90
      94
      70
      83
      85
      93
      95
     101
      87
      61
      74
      84
      71
      84
      76
      81
      90
      83
      89
      67
      91
      95
      92
      85
      84
      81
      75
      99
      94
      89
      87
      64
      77
      80
      79
      84
      76
      83
      80
      95
      98
      77
      79
      92
      64
      63
      69
      65
      60
      71
      80
      66
      68
      77
      77
      70
      65
      45
      58
      59
      82
      61
      67
      73
      61
      71
      54
      63
      52
      56
      60
      60
      47
      46
      53
      46
      58
      43
      58
      47
      55
      59
      53
      40
      51
      29
      34
      37
      36
      38
      27
      40
      37
      38
      33
      31
      43
      21
      43
      32
      38
      36
      28
      37
      30
      27
      22
      28
      27
      28
      23
      27
      30
      21
      26
      23
      16
      28
      15
      22
      18
      22
      16
      12
      16
      13
      12
      19
      17
       9
      24
      14
      11
      13
      14
       8
      12
      14
       9
       4
       9
      11
      13
       6
       7
       8
       6
       8
      11
       7
       7
      11
       4
       3
       6
       3
       5
       6
       4
       1
       3
       5
       0
       2
       5
       5
       2
       2
       3
       5
       2
       4
       5
       3
       0
       2
       1
       0
       1
       3
       2
       1
       2
       1
       1
       0
       0
       1
       3
       1
       0
       1
       0
       1
       0
       1
       0
       2
       1
       1
       1
       1
       0
       0
       1
       1
       0
       0
       1
       1
       2
       0
       2
       0
       0
       0
       0
       0
       0
       0
       0
       1
       0
       0
       0
       0
       0
       0
       0
       0
       0
       0
       0
       0
       0
       0
       0
       0
       0
       0
       0
       0
       0
       0
       0
       0
       0
       0
       0
       0
       0
       0
       0
       0
       0
       0
       0
       0
       0
       0
       0
       0
       0
       0
       0
       0
       0
       1
       0
       0
       0
       0
       0
       1
       0
       0
       0
       0
       0
       0
       0
       0
       0
       0
       0
       0
       0
       0
       0
       0
       0
       0
       0
       0
       0
       0
       0
       0
       0
       0
       0
       0
       0
       0
       0
       0
       0
       0
       0
       0
       0
       0
       0
       0
       0
       0
       0
       0
       0
       0
       0
       0
       0
       0
       0
       0
       0
       0
       0
       0
       0
       0
       0
       0
       0
       0
       0
       0
       0
       0
       0
       0
       0
       1
       0
       0
       0
       0
       0
       0
       0
       0
       0
       0
       0
       0
       0
       0
       0
       0
       0
       0
       0
       0
       0
       0
       0
       0
       0
       0
       0
       0
       0
       0
       0
       0
       0
       0
       0
       0
       0
       0
       0
       0
       0
       0
       0
       0
       0
       0
       0
       0
       0
       0
       0
       0
       0
       0
       0
       0
       0
       0
       0
       0
       0
       0
       0
       0
       0
       0
       0
       0
       0
       0
       0
       0
       0
       0
       0
       0
       0
       0
       0
       0
       0
       0
       0
       0
       0
       0
       0
       0
       0
       0
       0
       0
       0
       0
       0
       0
       0
       0
       0
       0
       0
       0
       0
       0
       0
       0
       0
       0
       0
       0
       0
       0
       0
       0
       0
       0
       0
       0
       0
       0
       0
       0
       0
       0
       0
       0
       0
       0
       0
       0
       0
       0
       0
       0
       0
       0
       0
       0
       0
       0
       0
       0
       0
       0
       0
       0
       0
       0
       0
       0
       0
       0
       0
       0
       0
       0
       0
       0
       0
       0
       0
       0
       0
       0
       0
       0
       0
       0
       0
       0
       0
       0
       0
       0
       0
       0
       0
       0
       0
       0
       0
       0
       0
       0
       0
       0
       0
       0
       0
       0
       0
       0
       0
       0
       0
       0
       0
       0
       0
       0
       0
       0
       0
       0
       0
       0
       0
       0
       0
       0
       0
       0
       0
       0
       0
       0
       0
       0
       0
       0
       0
       0
       0
       0
       0
       0
       0
       0
       0
       0
       0
       0
       0
       0
       0
       0
       0
       0
       0
       0
       0
       0
       0
       0
       0
       0
       0
       0
       0
       0
       0
       0
       0
       0
       0
       0
       0
       0
       0
       0
       0
       0
       0
       0
       0
       0
       0
       0
       0
       0
       0
       0
       0
       0
       0
       0
       0
       0
       0
       0
       0
       0
       0
       0
       0
       0
       0
       0
       0
       0
       0
       0
       0
       0
       0
       0
       0
       0
       0
       0
       0
       0
       0
       0
       0
       0
       0
       0
       0
       0
       0
       0
       0
       0
       0
       0
       0
       0
       0
       0
       0
       0
       0
       0
       0
       0
       0
       0
       0
       0
       0
       0
       0
       0
       0
       0
       0
       0
       0
       0
       0
       0
       0
       0
       0
       0
       0
       0
       0
       0
       0
       0
       0
       0
       0
       0
       0
       0
       0
       0
       0
       0
       0
       0
       0
       0
       0
       0
       0
       0
       0
       0
       0
       0
       0
       0
       0
       0
       0
       0
       0
       0
       0
       0
       0
       0
       0
       0
       0
       0
       0
       0
       0
       0
       0
       0
       0
       0
       0
       0
       0
       0
       0
       0
       0
       0
       0
       0
       0
       0
       0
       0
       0
       0
       0
       0
       0
       0
       0
       0
       0
       0
       0
       0
       0
       0
       0
       0
       0
       0
       0
       0
       0
       0
       0
       0
       0
       0
       0
       0
       0
       0
       0
       0
       0
       0
       0
       0
       0
       0
       0
       0
       0
       0
       0
       0
       0
       0
       0
       0
       0
       0
       0
       0
       0
       0
       0
       0
       0
       0
       0
       0
       0
       0
       0
       0
       0
       0
       0
       0
       0
       0
       0
       0
       0
       0
       0
       0
       0
       0
       0
       0
       0
       0
       0
       0
       0
       0
       0
       0
       0
       0
       0
       0
       0
       0
       0
       0
       0
       0
       0
       0
       0
       0
       0
       0
       0
       0
       0
       0
       0
       0
$ROI:
1
49 1635
$PRESETS:
None
0
0
$ENER_FIT:
0.000000 3.492040
$MCA_CAL:
3
0.000000E+000 3.492040E+000 0.000000E+000 keV
$SHAPE_CAL:
3
1.303160E+002 0.000000E+000 0.000000E+000
