$SPEC_ID:
No sample description was entered.
$SPEC_REM:
DET# 2
DETDESC# JLAB-18 MCB 131
AP# Maestro Version 7.01
$DATE_MEA:
12/07/2022 15:50:08
$MEAS_TIM:
398 400
$DATA:
0 2047
       0
       0
       0
       0
       0
       0
       0
       0
       0
       0
       0
       0
       0
       0
       0
       0
       0
       0
       0
       0
       0
       0
       0
       0
       0
       0
       0
       0
       0
       0
       0
       0
       0
       0
       0
       0
       0
       0
       0
       0
       0
       0
       0
       0
       0
       0
       0
       0
       0
       0
       0
       0
       0
       0
       0
       0
       0
       0
       0
       0
       0
       0
       0
       0
       0
       0
       0
       0
       0
       0
       0
       0
       0
       0
       0
       0
       0
       0
       0
       0
       0
       0
       0
       0
       0
       0
       0
       0
       0
       0
       0
       0
       0
       0
       0
       0
       0
       0
       0
       0
       0
       0
       0
       0
       0
       0
       0
       0
       0
       0
       0
       0
       0
       0
       1
       1
       1
       0
       0
       0
       0
       0
       0
       0
       0
       0
       2
       0
       0
       0
       0
       0
       0
       0
       1
       0
       0
       0
       0
       1
       0
       1
       0
       0
       0
       1
       0
       0
       0
       0
       0
       0
       1
       0
       0
       0
       0
       0
       0
       0
       1
       0
       0
       0
       0
       1
       0
       0
       0
       0
       0
       0
       0
       0
       0
       0
       0
       0
       0
       0
       0
       0
       0
       0
       0
       1
       0
       0
       0
       0
       0
       0
       0
       0
       0
       0
       0
       1
       0
       0
       0
       0
       0
       0
       1
       0
       0
       0
       1
       0
       0
       0
       0
       0
       0
       0
       1
       0
       0
       0
       1
       0
       0
       0
       0
       0
       1
       0
       1
       0
       0
       0
       3
       1
       1
       0
       0
       0
       0
       0
       1
       0
       0
       1
       0
       0
       0
       0
       0
       0
       0
       0
       0
       0
       0
       0
       0
       0
       0
       0
       2
       0
       1
       0
       0
       0
       0
       0
       1
       1
       0
       0
       0
       0
       0
       0
       0
       0
       0
       0
       0
       2
       0
       0
       1
       0
       0
       1
       1
       1
       0
       0
       0
       0
       0
       0
       0
       0
       1
       0
       0
       0
       1
       0
       0
       0
       0
       0
       0
       1
       0
       1
       0
       0
       0
       0
       0
       0
       0
       0
       0
       0
       0
       1
       0
       1
       0
       0
       0
       0
       0
       0
       0
       0
       0
       0
       1
       1
       0
       1
       0
       0
       0
       0
       0
       0
       0
       0
       1
       0
       1
       0
       0
       0
       0
       0
       0
       1
       0
       0
       0
       1
       0
       2
       0
       0
       0
       1
       0
       0
       0
       0
       1
       0
       0
       1
       0
       0
       1
       0
       0
       0
       1
       0
       0
       0
       0
       0
       0
       0
       2
       0
       0
       0
       0
       0
       0
       0
       1
       0
       0
       0
       1
       0
       0
       1
       0
       0
       0
       0
       0
       0
       0
       0
       0
       0
       1
       0
       0
       0
       0
       0
       0
       0
       0
       0
       0
       0
       1
       1
       0
       0
       0
       0
       1
       0
       0
       0
       1
       0
       0
       0
       0
       0
       0
       0
       0
       0
       0
       0
       0
       0
       0
       0
       0
       0
       0
       0
       0
       0
       0
       1
       0
       0
       0
       0
       0
       1
       0
       0
       0
       0
       0
       1
       0
       0
       1
       0
       0
       0
       0
       1
       1
       1
       0
       0
       0
       1
       0
       0
       0
       0
       0
       0
       0
       0
       0
       0
       0
       0
       0
       1
       1
       0
       0
       0
       1
       0
       0
       1
       0
       0
       0
       0
       0
       0
       0
       1
       0
       1
       0
       0
       1
       1
       0
       0
       0
       0
       0
       2
       1
       0
       0
       0
       0
       2
       0
       0
       0
       0
       0
       2
       0
       0
       2
       0
       0
       0
       1
       0
       1
       0
       0
       0
       0
       0
       0
       0
       0
       0
       0
       1
       1
       0
       0
       0
       0
       1
       0
       0
       0
       0
       0
       0
       0
       0
       0
       0
       0
       0
       0
       0
       0
       0
       0
       1
       0
       1
       0
       0
       0
       0
       0
       0
       0
       2
       0
       0
       0
       1
       0
       0
       2
       1
       0
       0
       0
       0
       0
       0
       0
       0
       0
       0
       0
       0
       0
       0
       0
       0
       0
       0
       0
       0
       0
       1
       0
       1
       1
       0
       0
       0
       1
       0
       1
       0
       0
       1
       0
       2
       2
       0
       1
       0
       0
       0
       0
       0
       0
       0
       0
       0
       0
       1
       0
       0
       1
       0
       0
       1
       0
       1
       0
       1
       0
       0
       1
       2
       1
       0
       0
       0
       1
       1
       0
       1
       1
       0
       0
       0
       2
       0
       0
       1
       2
       0
       1
       0
       0
       0
       0
       0
       0
       0
       0
       1
       0
       0
       0
       0
       1
       0
       0
       0
       1
       0
       0
       0
       1
       1
       0
       1
       0
       0
       1
       0
       0
       0
       0
       0
       1
       1
       0
       0
       0
       0
       1
       0
       0
       0
       0
       0
       1
       0
       0
       1
       1
       0
       0
       2
       1
       0
       0
       2
       0
       0
       1
       0
       0
       1
       0
       1
       1
       0
       0
       2
       1
       0
       0
       1
       1
       0
       0
       0
       0
       2
       2
       1
       0
       0
       0
       2
       1
       0
       1
       1
       0
       0
       1
       0
       2
       1
       1
       0
       1
       0
       2
       1
       1
       0
       0
       0
       0
       0
       1
       1
       0
       2
       0
       0
       1
       1
       0
       1
       0
       1
       1
       1
       2
       0
       1
       0
       1
       0
       0
       2
       0
       0
       1
       2
       0
       2
       1
       1
       0
       2
       1
       0
       0
       0
       0
       2
       0
       1
       2
       0
       0
       1
       1
       2
       1
       2
       0
       1
       0
       1
       0
       0
       0
       0
       1
       0
       1
       0
       1
       1
       1
       0
       1
       2
       2
       0
       0
       2
       0
       0
       0
       0
       1
       3
       0
       0
       0
       0
       0
       1
       0
       0
       2
       0
       1
       2
       2
       1
       0
       0
       2
       0
       0
       1
       0
       0
       0
       1
       0
       1
       1
       0
       1
       0
       2
       2
       2
       0
       0
       0
       2
       1
       1
       0
       2
       1
       2
       1
       1
       1
       1
       1
       2
       0
       0
       2
       0
       0
       4
       0
       1
       4
       3
       2
       1
       3
       2
       0
       2
       1
       2
       0
       1
       3
       1
       1
       1
       3
       3
       4
       1
       4
       2
       3
       2
       2
       0
       1
       3
       4
       1
       3
       0
       6
       2
       3
       2
       1
       4
       1
       4
       2
       5
       2
       1
       0
       1
       0
       3
       4
       5
       2
       4
       6
       6
       7
       1
       3
       2
       3
       2
       2
       4
       6
       6
       3
       5
       5
       3
       2
       4
      10
       1
       5
       5
       4
       4
       6
       3
       6
       5
       8
       4
       4
       4
       2
       5
       3
       8
       4
       6
       5
       6
      10
       5
      11
       6
       5
       6
       9
       8
       8
       6
       6
       7
       5
       3
       8
       3
       8
       7
      11
       9
       7
       8
      13
      10
       9
       7
       9
       5
      16
      10
      11
      16
      10
      12
      10
      15
      17
      14
      18
      17
      10
      11
      13
      13
      11
      13
      11
      11
      15
      16
      13
      18
      20
      19
      19
      12
      21
      20
      18
      22
      21
      12
      21
      15
      19
      22
      24
      20
      24
      22
      18
      18
       8
      23
      26
      36
      27
      24
      31
      14
      16
      20
      24
      24
      21
      23
      32
      31
      22
      30
      24
      22
      28
      31
      23
      20
      21
      27
      28
      40
      32
      29
      34
      38
      17
      36
      33
      34
      35
      32
      34
      33
      36
      36
      32
      36
      42
      41
      36
      37
      42
      34
      35
      31
      30
      36
      37
      39
      32
      45
      25
      45
      35
      46
      48
      44
      53
      37
      47
      50
      46
      38
      45
      40
      38
      49
      34
      42
      35
      48
      53
      44
      44
      46
      45
      33
      43
      47
      34
      44
      38
      46
      44
      43
      42
      53
      43
      46
      47
      40
      42
      36
      43
      44
      35
      34
      43
      39
      54
      41
      34
      41
      38
      29
      40
      33
      38
      31
      25
      41
      40
      41
      33
      42
      30
      44
      28
      38
      46
      31
      36
      31
      41
      32
      24
      34
      25
      31
      27
      34
      32
      33
      27
      25
      33
      27
      27
      23
      19
      17
      19
      27
      26
      22
      23
      25
      27
      28
      42
      27
      21
      15
      32
      24
      16
      22
      11
      20
      23
      15
      21
      23
      23
      11
      16
      18
      14
      11
      18
      13
      15
      12
      13
      14
      16
      18
       4
      16
      13
       8
       9
      16
       8
      15
       9
       8
       9
       8
      13
       8
       8
       5
       7
       8
       8
       7
       8
       6
       6
       3
      11
       4
       7
       5
       5
       8
      10
       2
       2
       1
       6
       1
       4
       4
       1
       3
       3
       0
       2
       4
       1
       4
       3
       3
       3
       0
       1
       2
       0
       1
       1
       2
       1
       0
       0
       1
       2
       0
       1
       1
       0
       0
       2
       2
       0
       1
       0
       0
       1
       0
       1
       2
       0
       1
       0
       1
       0
       0
       0
       0
       0
       1
       0
       1
       0
       0
       0
       2
       1
       0
       1
       0
       1
       0
       0
       0
       1
       0
       0
       0
       0
       0
       1
       0
       0
       0
       0
       0
       0
       0
       0
       0
       0
       0
       0
       0
       1
       0
       0
       1
       0
       0
       0
       0
       0
       0
       0
       0
       0
       0
       0
       0
       0
       0
       0
       0
       0
       0
       0
       0
       0
       0
       0
       0
       0
       0
       0
       0
       0
       0
       0
       0
       0
       0
       0
       0
       1
       0
       0
       0
       1
       0
       0
       0
       0
       0
       0
       0
       0
       0
       0
       0
       0
       0
       0
       0
       0
       0
       0
       0
       0
       0
       0
       0
       0
       0
       0
       0
       0
       0
       0
       0
       0
       0
       0
       0
       0
       0
       0
       0
       0
       0
       0
       0
       0
       0
       0
       0
       0
       0
       0
       0
       0
       0
       0
       0
       0
       0
       0
       0
       0
       0
       0
       0
       0
       0
       0
       0
       0
       0
       0
       0
       0
       0
       0
       0
       0
       0
       0
       0
       0
       0
       0
       0
       0
       0
       0
       0
       0
       0
       0
       0
       0
       0
       0
       0
       0
       0
       0
       0
       0
       0
       0
       0
       0
       0
       0
       0
       0
       0
       0
       0
       0
       0
       0
       0
       0
       0
       0
       0
       0
       0
       0
       0
       0
       0
       0
       0
       0
       0
       0
       0
       0
       0
       0
       0
       0
       0
       0
       0
       0
       0
       0
       0
       0
       0
       0
       0
       0
       0
       0
       0
       0
       0
       0
       0
       0
       0
       0
       0
       0
       0
       0
       0
       0
       0
       0
       0
       0
       0
       0
       0
       0
       0
       0
       0
       0
       0
       0
       0
       0
       0
       0
       0
       0
       0
       0
       0
       0
       0
       0
       0
       0
       0
       0
       0
       0
       0
       0
       0
       0
       0
       0
       0
       0
       0
       0
       0
       0
       0
       0
       0
       0
       0
       0
       0
       0
       0
       0
       0
       0
       0
       0
       0
       0
       0
       0
       0
       0
       0
       0
       0
       0
       0
       0
       0
       0
       0
       0
       0
       0
       0
       0
       0
       0
       0
       0
       0
       0
       0
       0
       0
       0
       0
       0
       0
       0
       0
       0
       0
       0
       0
       0
       0
       0
       0
       0
       0
       0
       0
       0
       0
       0
       0
       0
       0
       0
       0
       0
       0
       0
       0
       0
       0
       0
       0
       0
       0
       0
       0
       0
       0
       0
       0
       0
       0
       0
       0
       0
       0
       0
       0
       0
       0
       0
       0
       0
       0
       0
       0
       0
       0
       0
       0
       0
       0
       0
       0
       0
       0
       0
       0
       0
       0
       0
       0
       0
       0
       0
       0
       0
       0
       0
       0
       0
       0
       0
       0
       0
       0
       0
       0
       0
       0
       0
       0
       0
       0
       0
       0
       0
       0
       0
       0
       0
       0
       0
       0
       0
       0
       0
       0
       0
       0
       0
       0
       0
       0
       0
       0
       0
       0
       0
       0
       0
       0
       0
       0
       0
       0
       0
       0
       0
       0
       0
       0
       0
       0
       0
       0
       0
       0
       0
       0
       0
       0
       0
       0
       0
       0
       0
       0
       0
       0
       0
       0
       0
       0
       0
       0
       0
       0
       0
       0
       0
       0
       0
       0
       0
       0
       0
       0
       0
       0
       0
       0
       0
       0
       0
       0
       0
       0
       0
       0
       0
       0
       0
       0
       0
       0
       0
       0
       0
       0
       0
       0
       0
       0
       0
       0
       0
       0
       0
       0
       0
       0
       0
       0
       0
       0
       0
       0
       0
       0
       0
       0
       0
       0
       0
       0
       0
       0
       0
       0
       0
       0
       0
       0
       0
       0
       0
       0
       0
       0
       0
       0
       0
       0
       0
       0
       0
       0
       0
       0
       0
       0
       0
       0
       0
       0
       0
       0
       0
       0
       0
       0
       0
       0
       0
       0
       0
       0
       0
       0
       0
       0
       0
       0
       0
       0
       0
       0
       0
       0
       0
       0
       0
       0
       0
       0
       0
       0
       0
       0
       0
       0
       0
       0
       0
       0
       0
       0
       0
       0
       0
       0
       0
       0
       0
       0
       0
       0
       0
       0
       0
       0
       0
       0
       0
       0
       0
       0
       0
       0
       0
       0
       0
       0
       0
       0
       0
       0
       0
       0
       0
       0
       0
       0
       0
       0
       0
       0
       0
       0
       0
       0
       0
       0
       0
       0
       0
       0
       0
       0
       0
       0
       0
       0
       0
       0
       0
       0
       0
       0
       0
       0
       0
       0
       0
$ROI:
1
49 1635
$PRESETS:
None
0
0
$ENER_FIT:
0.000000 3.492040
$MCA_CAL:
3
0.000000E+000 3.492040E+000 0.000000E+000 keV
$SHAPE_CAL:
3
1.303160E+002 0.000000E+000 0.000000E+000
