$SPEC_ID:
No sample description was entered.
$SPEC_REM:
DET# 2
DETDESC# JLAB-18 MCB 131
AP# Maestro Version 7.01
$DATE_MEA:
12/07/2022 15:35:42
$MEAS_TIM:
490 493
$DATA:
0 2047
       0
       0
       0
       0
       0
       0
       0
       0
       0
       0
       0
       0
       0
       0
       0
       0
       0
       0
       0
       0
       0
       0
       0
       0
       0
       0
       0
       0
       0
       0
       0
       0
       0
       0
       0
       0
       0
       0
       0
       0
       0
       0
       0
       0
       0
       0
       0
       0
       0
       0
       0
       0
       0
       0
       0
       0
       0
       0
       0
       0
       0
       0
       0
       0
       0
       0
       0
       0
       0
       0
       0
       0
       0
       0
       0
       0
       0
       0
       0
       0
       0
       0
       0
       0
       0
       0
       0
       0
       0
       0
       0
       0
       0
       0
       0
       0
       0
       0
       0
       0
       0
       0
       0
       0
       0
       0
       1
       4
       3
       4
      10
      11
       8
       8
      11
       7
       4
      11
       8
       8
       6
       5
       8
       5
       5
      16
       4
       2
       5
      10
       4
       7
       7
       7
       3
       8
       4
       6
       6
       8
       5
       7
       6
       4
       7
       5
       7
       3
       7
       0
       8
       7
       6
       4
       8
       4
       3
       5
       3
       2
       3
       5
       5
       3
       2
       5
       6
       2
       4
       4
       1
       2
       2
       7
       3
       2
       2
       3
       5
       1
       0
       6
       4
       4
       3
       4
       0
       5
       3
       3
       3
       2
       5
       5
       2
       2
       2
       5
       2
       3
       4
       1
       0
       4
       1
       0
       0
       1
       1
       5
       6
       2
       2
       6
       3
       4
       0
       0
       2
       2
       2
       3
       2
       2
       1
       1
       1
       2
       0
       1
       2
       0
       0
       1
       2
       1
       1
       1
       3
       0
       1
       0
       0
       2
       3
       1
       2
       2
       4
       3
       1
       0
       0
       1
       1
       1
       4
       0
       0
       0
       0
       1
       1
       2
       1
       0
       0
       0
       1
       0
       3
       2
       0
       0
       0
       0
       0
       0
       0
       1
       2
       1
       1
       0
       1
       0
       3
       2
       0
       1
       2
       1
       1
       0
       1
       0
       0
       1
       0
       2
       0
       1
       1
       0
       1
       1
       0
       1
       0
       0
       0
       0
       1
       2
       1
       0
       0
       4
       1
       0
       1
       1
       1
       0
       0
       1
       1
       1
       1
       0
       1
       0
       1
       1
       0
       3
       0
       2
       0
       0
       1
       0
       0
       1
       0
       0
       0
       1
       0
       3
       0
       0
       1
       1
       1
       0
       0
       1
       0
       1
       0
       2
       1
       0
       0
       0
       4
       3
       0
       1
       0
       0
       1
       1
       0
       0
       1
       1
       0
       1
       1
       1
       1
       0
       0
       1
       0
       0
       0
       0
       0
       0
       2
       0
       1
       1
       0
       0
       0
       0
       1
       0
       0
       0
       0
       0
       0
       0
       0
       0
       0
       0
       0
       1
       0
       0
       0
       0
       0
       0
       1
       0
       0
       0
       1
       1
       1
       0
       0
       0
       0
       0
       0
       0
       0
       0
       0
       1
       1
       0
       1
       1
       0
       0
       0
       0
       0
       0
       0
       2
       2
       0
       2
       0
       0
       1
       0
       0
       0
       1
       0
       0
       0
       0
       0
       0
       0
       0
       1
       1
       1
       0
       0
       2
       0
       0
       0
       0
       0
       0
       1
       0
       0
       1
       0
       0
       0
       0
       1
       0
       0
       1
       1
       0
       0
       1
       0
       1
       0
       0
       0
       0
       0
       0
       0
       0
       1
       1
       0
       0
       0
       0
       1
       0
       0
       0
       0
       1
       1
       0
       1
       2
       1
       0
       1
       0
       1
       1
       0
       0
       0
       0
       3
       0
       1
       0
       1
       0
       0
       0
       0
       0
       2
       0
       0
       0
       0
       0
       0
       1
       0
       0
       1
       0
       1
       0
       0
       0
       0
       1
       1
       0
       0
       0
       0
       0
       1
       0
       0
       0
       1
       1
       1
       0
       0
       1
       0
       0
       1
       0
       0
       1
       0
       0
       0
       0
       1
       0
       1
       0
       1
       1
       0
       1
       1
       0
       0
       1
       1
       0
       0
       0
       0
       0
       0
       0
       0
       0
       0
       1
       0
       0
       1
       0
       0
       0
       1
       0
       0
       1
       1
       2
       0
       1
       0
       0
       0
       1
       0
       0
       1
       1
       0
       1
       0
       0
       0
       0
       0
       0
       2
       0
       0
       0
       1
       0
       2
       1
       1
       0
       0
       0
       1
       0
       0
       2
       1
       0
       0
       0
       0
       0
       0
       0
       0
       0
       1
       0
       1
       0
       2
       2
       0
       0
       0
       0
       0
       0
       1
       0
       2
       0
       2
       1
       0
       1
       2
       0
       0
       0
       0
       0
       1
       0
       0
       0
       1
       0
       0
       0
       0
       1
       0
       0
       1
       0
       1
       1
       1
       3
       0
       0
       1
       1
       0
       0
       2
       0
       0
       0
       1
       0
       0
       1
       0
       0
       0
       0
       0
       0
       0
       1
       1
       1
       0
       1
       0
       0
       2
       2
       0
       0
       2
       0
       0
       1
       1
       0
       0
       1
       1
       0
       2
       1
       2
       0
       1
       1
       0
       1
       0
       0
       1
       1
       1
       2
       2
       0
       0
       0
       0
       1
       1
       0
       0
       1
       1
       1
       0
       0
       0
       1
       1
       0
       0
       0
       1
       0
       0
       0
       0
       0
       2
       2
       1
       0
       1
       0
       0
       1
       1
       0
       0
       1
       0
       1
       0
       0
       0
       0
       0
       1
       1
       0
       1
       1
       2
       1
       2
       1
       1
       3
       2
       2
       1
       0
       0
       3
       1
       2
       1
       1
       1
       1
       0
       0
       0
       2
       3
       0
       2
       1
       0
       2
       1
       1
       0
       1
       0
       2
       0
       1
       2
       0
       1
       2
       0
       0
       1
       0
       3
       2
       1
       1
       1
       1
       2
       1
       2
       2
       1
       1
       1
       0
       1
       2
       3
       0
       0
       0
       1
       0
       0
       2
       2
       3
       4
       0
       1
       0
       2
       0
       0
       5
       1
       4
       2
       3
       4
       1
       3
       3
       2
       2
       1
       3
       1
       3
       5
       5
       2
       1
       3
       3
       3
       2
       2
       4
       0
       0
       4
       1
       4
       2
       3
       2
       2
       3
       3
       1
       3
       2
       1
       3
       0
       1
       1
       3
       4
       2
       2
       1
       0
       4
       3
       1
       2
       0
       2
       2
       1
       3
       2
       2
       0
       5
       4
       3
       3
       5
       4
       3
       4
       4
       4
       5
       5
       6
       2
       6
       5
       1
       7
       4
       5
       2
       5
       4
       4
       8
       2
       3
       5
       5
       5
       4
       8
       2
       2
       7
       6
       8
       2
       6
       3
       5
       4
       4
       8
       7
       5
       2
       4
       7
       6
       8
      11
       9
       7
       9
       2
       7
       6
       5
      11
      12
       9
       4
       9
       5
       3
       9
       7
       9
       5
       9
       9
       4
       7
       9
      10
      11
      12
       7
       8
       9
      16
      10
      11
       9
       8
      10
      15
       7
       7
      14
      14
      10
      14
      11
      22
       3
      10
       4
      14
      16
      17
      18
      13
      12
      16
      13
      21
      19
      14
      18
      13
      15
      22
      17
       8
      29
      25
      14
      19
      21
      23
      31
      24
      28
      26
      28
      17
      22
      23
      31
      29
      20
      17
      27
      19
      21
      23
      31
      28
      28
      32
      33
      26
      27
      27
      28
      30
      42
      29
      40
      36
      36
      25
      36
      40
      26
      32
      35
      23
      35
      42
      41
      29
      33
      40
      29
      38
      40
      40
      38
      38
      44
      31
      48
      46
      48
      51
      26
      46
      48
      44
      54
      42
      60
      55
      52
      44
      56
      46
      45
      48
      44
      41
      46
      36
      52
      56
      66
      55
      42
      56
      56
      56
      50
      46
      63
      55
      47
      44
      49
      54
      52
      49
      54
      45
      64
      58
      60
      40
      42
      73
      60
      58
      45
      55
      50
      58
      58
      50
      65
      52
      63
      59
      54
      61
      65
      70
      51
      48
      70
      67
      46
      51
      60
      59
      53
      61
      45
      51
      46
      47
      58
      60
      52
      51
      69
      43
      48
      43
      50
      58
      47
      61
      59
      47
      43
      35
      47
      52
      49
      45
      40
      46
      48
      43
      38
      46
      48
      38
      52
      38
      48
      45
      36
      56
      35
      34
      42
      28
      29
      28
      31
      33
      27
      31
      29
      36
      22
      20
      20
      35
      31
      38
      21
      22
      24
      26
      25
      26
      23
      20
      31
      26
      24
      14
      18
      23
      22
      24
      20
      21
      19
      13
      15
      16
      18
      21
      10
      23
      21
       9
      10
      21
      12
       7
      11
      21
      13
      12
       8
      12
      10
       8
       5
       6
      16
      10
       7
      13
       9
      11
       7
       5
       7
       7
       4
       3
       6
       5
       9
       5
       5
       6
       4
       3
       2
       2
       2
       3
       1
       1
       2
       2
       4
       2
       4
       2
       2
       2
       3
       2
       1
       1
       2
       1
       2
       0
       1
       0
       1
       4
       1
       1
       0
       0
       2
       4
       1
       0
       0
       1
       1
       1
       0
       2
       0
       0
       0
       0
       0
       1
       0
       0
       0
       0
       0
       0
       0
       0
       0
       0
       0
       0
       0
       1
       0
       0
       0
       0
       0
       0
       0
       0
       1
       0
       0
       0
       0
       0
       0
       2
       0
       0
       0
       0
       0
       0
       0
       0
       0
       0
       0
       0
       0
       0
       0
       0
       0
       0
       0
       0
       0
       0
       0
       0
       0
       0
       0
       0
       0
       0
       0
       0
       0
       0
       0
       0
       0
       0
       0
       0
       0
       0
       0
       0
       0
       0
       0
       0
       0
       0
       0
       0
       0
       0
       0
       0
       0
       0
       0
       0
       0
       0
       0
       0
       0
       0
       0
       0
       0
       0
       0
       0
       0
       0
       0
       0
       0
       0
       0
       0
       0
       0
       0
       0
       0
       0
       0
       0
       0
       0
       0
       0
       0
       0
       0
       0
       0
       0
       0
       0
       0
       0
       0
       0
       0
       0
       0
       0
       0
       0
       0
       0
       0
       0
       0
       0
       0
       0
       0
       0
       0
       0
       0
       0
       0
       0
       0
       0
       0
       0
       0
       0
       0
       0
       0
       0
       0
       1
       0
       0
       0
       0
       0
       0
       0
       0
       0
       0
       0
       0
       0
       0
       0
       0
       0
       0
       0
       0
       0
       0
       0
       0
       0
       0
       0
       0
       0
       0
       0
       0
       0
       0
       0
       0
       0
       0
       0
       0
       0
       0
       0
       0
       0
       0
       0
       0
       0
       0
       0
       0
       0
       0
       0
       0
       0
       0
       0
       0
       0
       0
       0
       0
       0
       0
       0
       0
       0
       0
       0
       0
       0
       0
       0
       0
       0
       0
       0
       0
       0
       0
       0
       0
       0
       0
       0
       0
       0
       0
       0
       0
       0
       0
       0
       0
       0
       0
       0
       0
       0
       0
       0
       0
       0
       0
       0
       0
       0
       0
       0
       0
       0
       0
       0
       0
       0
       0
       0
       0
       0
       0
       0
       0
       0
       0
       0
       0
       0
       0
       0
       0
       0
       0
       0
       0
       0
       0
       0
       0
       0
       0
       0
       0
       0
       0
       0
       0
       0
       0
       0
       0
       0
       0
       0
       0
       0
       0
       0
       0
       0
       0
       0
       0
       0
       0
       0
       0
       0
       0
       0
       0
       0
       0
       0
       0
       0
       0
       0
       0
       0
       0
       0
       0
       0
       0
       0
       0
       0
       0
       0
       0
       0
       0
       0
       0
       0
       0
       0
       0
       0
       0
       0
       0
       0
       0
       0
       0
       0
       0
       0
       0
       0
       0
       0
       0
       0
       0
       0
       0
       0
       0
       0
       0
       0
       0
       0
       0
       0
       0
       0
       0
       0
       0
       0
       0
       0
       0
       0
       0
       0
       0
       0
       0
       0
       0
       0
       0
       0
       0
       0
       0
       0
       0
       0
       0
       0
       0
       0
       0
       0
       0
       0
       0
       0
       0
       0
       0
       0
       0
       0
       0
       0
       0
       0
       0
       0
       0
       0
       0
       0
       0
       0
       0
       0
       0
       0
       0
       0
       0
       0
       0
       0
       0
       0
       0
       0
       0
       0
       0
       0
       0
       0
       0
       0
       0
       0
       0
       0
       0
       0
       0
       0
       0
       0
       0
       0
       0
       0
       0
       0
       0
       0
       0
       0
       0
       0
       0
       0
       0
       0
       0
       0
       0
       0
       0
       0
       0
       0
       0
       0
       0
       0
       0
       0
       0
       0
       0
       0
       0
       0
       0
       0
       0
       0
       0
       0
       0
       0
       0
       0
       0
       0
       0
       0
       0
       0
       0
       0
       0
       0
       0
       0
       0
       0
       0
       0
       0
       0
       0
       0
       0
       0
       0
       0
       0
       0
       0
       0
       0
       0
       0
       0
       0
       0
       0
       0
       0
       0
       0
       0
       0
       0
       0
       0
       0
       0
       0
       0
       0
       0
       0
       0
       0
       0
       0
       0
       0
       0
       0
       0
       0
       0
       0
       0
       0
       0
       0
       0
       0
       0
       0
       0
       0
       0
       0
       0
       0
       0
       0
       0
       0
       0
       0
       0
       0
       0
       0
       0
       0
       0
       0
       0
       0
       0
       0
       0
       0
       0
       0
       0
       0
       0
       0
       0
       0
       0
       0
       0
       0
       0
       0
       0
       0
       0
       0
       0
       0
       0
       0
       0
       0
       0
       0
       0
       0
       0
       0
       0
       0
       0
       0
       0
       0
       0
       0
       0
       0
       0
       0
       0
       0
       0
       0
       0
       0
       0
       0
       0
       0
       0
       0
       0
$ROI:
1
49 1635
$PRESETS:
None
0
0
$ENER_FIT:
0.000000 3.492040
$MCA_CAL:
3
0.000000E+000 3.492040E+000 0.000000E+000 keV
$SHAPE_CAL:
3
1.303160E+002 0.000000E+000 0.000000E+000
