$SPEC_ID:
No sample description was entered.
$SPEC_REM:
DET# 2
DETDESC# JLAB-18 MCB 131
AP# Maestro Version 7.01
$DATE_MEA:
10/31/2022 14:32:18
$MEAS_TIM:
514 515
$DATA:
0 2047
       0
       0
       0
       0
       0
       0
       0
       0
       0
       0
       0
       0
       0
       0
       0
       0
       0
       0
       0
       0
       0
       0
       0
       0
       0
       0
       0
       0
       0
       0
       0
       0
       0
       0
       0
       0
       0
       0
       0
       0
       0
       0
       0
       0
       0
       0
       0
       0
       0
       0
       0
       0
       0
       0
       0
       0
       0
       0
       0
       0
       0
       0
       0
       0
       0
       0
       0
       0
       0
       0
       0
       0
       0
       0
       0
       0
       0
       0
       0
       0
       0
       0
       0
       0
       0
       0
       0
       0
       0
       0
       0
       0
       0
       0
       0
       0
       0
       0
       0
       0
       0
       0
       0
       0
       0
       0
       0
       0
       0
       0
       0
       0
       0
       0
       0
       0
       0
       0
       0
       0
       0
       0
       0
       0
       0
       0
       0
       0
       0
       0
       0
       0
       0
       0
       0
       0
       0
       0
       0
       0
       0
       0
       0
       0
       0
       0
       0
       0
       0
       0
       0
       0
       0
       0
       0
       0
       0
       0
       0
       0
       0
       0
       0
       0
       0
       0
       0
       0
       0
       0
       0
       0
       0
       0
       0
       0
       0
       0
       0
       0
       0
       0
       0
       0
       0
       0
       0
       0
       0
       0
       0
       0
       0
       0
       0
       1
       2
       2
       0
       1
       1
       0
       0
       2
       0
       0
       1
       0
       1
       1
       2
       0
       0
       0
       0
       1
       0
       3
       1
       2
       1
       0
       0
       0
       0
       0
       1
       3
       2
       1
       0
       1
       2
       0
       1
       0
       1
       2
       1
       0
       2
       0
       2
       1
       1
       1
       0
       0
       2
       2
       0
       1
       3
       1
       0
       0
       3
       1
       0
       0
       1
       0
       1
       2
       2
       0
       1
       0
       0
       2
       1
       1
       2
       3
       1
       2
       0
       2
       1
       1
       1
       0
       1
       2
       2
       2
       2
       0
       1
       1
       1
       1
       1
       2
       0
       2
       1
       1
       2
       2
       3
       0
       2
       2
       2
       0
       1
       1
       2
       1
       1
       1
       1
       0
       0
       1
       1
       2
       3
       2
       1
       0
       2
       3
       0
       2
       2
       2
       0
       2
       1
       1
       4
       3
       1
       4
       0
       4
       0
       3
       0
       4
       3
       3
       3
       2
       2
       1
       1
       0
       0
       1
       1
       4
       0
       2
       2
       5
       2
       6
       0
       3
       2
       4
       3
       1
       0
       1
       2
       3
       0
       1
       2
       2
       2
       1
       2
       3
       0
       4
       0
       4
       1
       0
       2
       3
       0
       1
       1
       0
       1
       0
       3
       2
       2
       2
       2
       2
       2
       1
       2
       3
       1
       0
       2
       2
       2
       1
       2
       3
       2
       1
       3
       2
       0
       4
       2
       1
       1
       4
       5
       4
       4
       1
       2
       1
       3
       0
       2
       4
       2
       2
       1
       3
       1
       3
       4
       2
       2
       4
       4
       3
       3
       1
       2
       3
       5
       6
       2
       2
       1
       2
       5
       0
       4
       4
       4
       1
       1
       4
       1
       1
       3
       3
       4
       2
       4
       2
       2
       2
       3
       5
       4
       4
       4
       3
       2
       2
       1
       8
       1
       2
       1
       2
       1
       2
       2
       2
       1
       3
       2
       2
       5
       3
       3
       2
       1
       2
       1
       2
       2
       1
       4
       1
       5
       3
       4
       2
       3
       3
       5
       4
       1
       5
       2
       2
      10
       1
       3
       1
       4
       3
       7
       4
       4
       4
       4
       6
       2
       1
       4
       2
       5
       6
       6
       3
       5
       3
       5
       3
       3
       8
       5
       2
       2
       4
       3
       2
       3
       1
       4
       4
       7
       0
       3
       5
       3
      10
       5
       7
       9
       7
       7
       0
       2
       6
       6
       4
       7
       6
       6
       7
       6
       9
       2
       5
       6
       4
       6
       6
       5
       7
       7
       4
       6
       7
       3
       2
       8
       6
       9
       4
       5
       5
       3
       6
       6
       7
       5
       5
       9
       9
       9
      11
       5
      12
      10
      10
       6
       7
      18
       1
      14
       5
       6
       6
       2
      11
       5
      14
      11
      13
       5
       9
      12
      10
       9
       7
      13
      13
      12
      10
       9
      12
      16
      13
      10
       6
       6
       6
       7
       8
      11
       8
      15
      11
      12
      13
       7
      12
      13
      10
      10
      13
      16
      11
      11
      10
       7
      10
      19
      13
      14
      19
      14
      12
       8
      15
      13
      10
      11
      16
      20
      13
      12
       9
      12
      13
      23
      19
      12
      14
      12
      18
      14
      23
      12
      17
      22
      18
      12
      16
      10
      14
      18
      15
      21
      18
      15
      22
      15
      22
      18
      15
      21
      25
      18
      18
      35
      29
      24
      25
      19
      28
      14
      19
      29
      29
      23
      36
      25
      26
      26
      38
      30
      27
      30
      18
      32
      27
      41
      40
      33
      23
      30
      26
      45
      44
      33
      36
      26
      28
      37
      31
      33
      50
      27
      46
      40
      31
      43
      45
      42
      55
      42
      68
      39
      41
      38
      49
      58
      49
      33
      42
      64
      60
      66
      67
      52
      53
      60
      61
      69
      66
      56
      45
      53
      48
      51
      75
      71
      59
      64
      66
      51
      61
      82
      76
      70
      70
      83
      72
      79
      77
      93
      76
      75
      92
      92
      78
      87
      80
      92
      89
      95
      89
      95
     109
      84
      96
     101
     108
      95
      91
      95
     109
      92
     112
     118
     115
     115
     119
     101
     121
     118
     121
     122
     119
     121
     132
     134
     113
     134
     145
     149
     145
     128
     135
     143
     131
     132
     144
     137
     129
     139
     135
     155
     139
     141
     109
     144
     144
     162
     158
     173
     155
     174
     179
     166
     149
     180
     175
     176
     163
     158
     180
     149
     183
     205
     180
     176
     186
     174
     189
     156
     174
     164
     188
     198
     173
     202
     207
     204
     188
     195
     178
     199
     226
     213
     214
     202
     198
     179
     197
     203
     219
     183
     209
     221
     171
     199
     180
     172
     210
     208
     181
     222
     209
     208
     213
     211
     204
     203
     204
     218
     206
     213
     196
     222
     215
     206
     199
     234
     206
     204
     225
     191
     198
     226
     205
     216
     205
     181
     203
     182
     213
     188
     211
     223
     204
     179
     214
     176
     193
     200
     221
     190
     184
     188
     176
     181
     170
     184
     198
     182
     185
     169
     188
     187
     189
     202
     171
     185
     165
     164
     154
     156
     154
     166
     142
     142
     158
     170
     142
     140
     137
     153
     128
     143
     145
     135
     136
     138
     112
     129
     150
     117
     107
     150
     114
     116
     110
     115
      97
     119
     111
     100
      97
      88
      99
      89
      92
      80
     103
     101
      91
      93
      83
      89
      80
      82
      68
      77
      74
      67
      60
      77
      58
      75
      54
      61
      67
      58
      87
      51
      64
      48
      69
      44
      56
      51
      47
      44
      41
      58
      44
      36
      32
      49
      32
      47
      31
      32
      58
      40
      37
      33
      32
      28
      32
      24
      34
      29
      25
      25
      23
      27
      31
      21
      21
      20
      20
      23
      19
      15
      20
      19
      14
      13
      16
      12
      14
      15
      10
      13
      16
      13
       9
       7
       4
       7
       6
       8
       8
       8
      10
       9
       4
       4
       5
       8
       9
       9
       5
       6
       5
       4
       8
       3
       3
       5
       5
       2
       2
       6
       5
       2
       1
       2
       4
       0
       0
       3
       3
       3
       1
       1
       0
       0
       0
       1
       1
       2
       6
       0
       0
       1
       1
       3
       0
       0
       0
       1
       1
       1
       1
       0
       0
       2
       1
       1
       0
       0
       0
       0
       0
       0
       2
       0
       0
       1
       1
       0
       0
       0
       1
       0
       1
       0
       0
       0
       0
       1
       0
       0
       0
       0
       0
       0
       0
       1
       0
       0
       0
       0
       0
       0
       0
       0
       0
       1
       1
       0
       0
       0
       0
       0
       1
       0
       0
       3
       0
       0
       0
       0
       0
       0
       0
       0
       0
       0
       0
       0
       0
       0
       0
       0
       0
       2
       0
       0
       0
       0
       0
       0
       0
       0
       1
       0
       0
       1
       0
       0
       0
       0
       0
       0
       0
       0
       0
       0
       0
       0
       0
       2
       0
       0
       0
       0
       0
       0
       0
       0
       0
       0
       0
       0
       0
       0
       0
       0
       0
       0
       0
       0
       0
       0
       0
       0
       0
       0
       0
       0
       1
       0
       0
       0
       0
       0
       0
       0
       0
       0
       0
       0
       0
       0
       0
       0
       0
       0
       0
       0
       0
       0
       0
       0
       0
       0
       0
       0
       0
       0
       0
       0
       0
       0
       0
       0
       0
       0
       0
       0
       0
       0
       0
       0
       0
       0
       0
       0
       0
       0
       0
       0
       0
       0
       0
       0
       0
       0
       0
       0
       0
       0
       0
       0
       0
       0
       0
       0
       0
       0
       0
       0
       0
       0
       0
       0
       0
       0
       0
       0
       0
       0
       0
       0
       0
       0
       0
       0
       0
       0
       0
       0
       0
       0
       0
       0
       0
       0
       0
       0
       0
       0
       0
       0
       0
       0
       0
       0
       0
       0
       0
       0
       0
       0
       0
       0
       0
       0
       0
       0
       0
       0
       0
       0
       0
       0
       0
       0
       0
       0
       0
       0
       0
       0
       0
       0
       0
       0
       0
       0
       0
       0
       0
       0
       0
       0
       0
       0
       0
       0
       0
       0
       0
       0
       0
       0
       0
       0
       0
       0
       0
       0
       0
       0
       0
       0
       0
       0
       0
       0
       0
       0
       0
       0
       0
       0
       0
       0
       0
       0
       0
       0
       0
       0
       0
       0
       0
       0
       0
       0
       1
       0
       0
       0
       0
       0
       0
       0
       0
       0
       0
       0
       0
       0
       0
       0
       0
       0
       0
       0
       0
       0
       0
       0
       0
       0
       0
       0
       0
       0
       0
       0
       0
       0
       0
       0
       0
       0
       0
       0
       0
       0
       0
       0
       0
       0
       0
       0
       0
       0
       0
       0
       0
       0
       0
       0
       0
       0
       0
       1
       0
       0
       0
       0
       0
       0
       0
       0
       0
       0
       0
       0
       0
       0
       0
       0
       0
       0
       0
       0
       0
       0
       0
       0
       0
       0
       0
       0
       0
       0
       0
       0
       0
       0
       0
       0
       0
       0
       0
       0
       0
       0
       0
       0
       0
       0
       0
       0
       0
       0
       0
       0
       0
       0
       0
       0
       0
       0
       0
       0
       0
       0
       0
       0
       0
       0
       0
       0
       0
       0
       0
       0
       0
       0
       0
       0
       0
       0
       0
       0
       0
       0
       0
       0
       0
       0
       0
       0
       0
       0
       0
       0
       0
       0
       0
       0
       0
       0
       0
       0
       0
       0
       0
       0
       0
       0
       0
       0
       0
       0
       0
       0
       0
       0
       0
       0
       0
       0
       0
       0
       0
       0
       0
       0
       0
       0
       0
       0
       0
       0
       0
       0
       0
       0
       0
       0
       0
       0
       0
       0
       0
       0
       0
       0
       0
       0
       0
       0
       0
       0
       0
       0
       0
       0
       0
       0
       0
       0
       0
       0
       0
       0
       0
       0
       0
       0
       0
       0
       0
       0
       0
       0
       0
       0
       0
       0
       0
       0
       0
       0
       0
       0
       0
       0
       0
       0
       0
       0
       0
       0
       0
       0
       0
       0
       0
       0
       0
       0
       0
       0
       0
       0
       0
       0
       0
       0
       0
       0
       0
       0
       0
       0
       0
       0
       0
       0
       0
       0
       0
       0
       0
       0
       0
       0
       0
       0
       0
       0
       0
       0
       0
       0
       0
       0
       0
       0
       0
       0
       0
       0
       0
       0
       0
       0
       0
       0
       0
       0
       0
       0
       0
       0
       0
       0
       0
       0
       0
       0
       0
       0
       0
       0
       0
       0
       0
       0
       0
       0
       0
       0
       0
       0
       0
       0
       0
       0
       0
       0
       0
       0
       0
       0
       0
       0
       0
       0
       0
       0
       0
       0
       0
       0
       0
       0
       0
       0
       0
       0
       0
       0
       0
       0
       0
       0
       0
       0
       0
       0
       0
       0
       0
       0
       0
       0
       0
       0
       0
       1
       0
       0
       0
       0
       0
       0
       0
       0
       0
       0
       0
       0
       0
       0
       0
       0
       0
       0
       0
       0
       0
       0
       0
       0
       0
       0
       0
       0
       0
       0
       0
       0
       0
       0
       0
       0
       0
       0
       0
       0
       0
       0
       0
       0
       0
       0
       0
       0
       0
       0
       0
       0
       0
       1
       0
       0
       0
       0
       0
       0
       0
       0
       0
       0
       0
       0
       0
       0
       0
       0
       0
       0
       0
       0
       0
       0
       0
       0
       0
       0
       0
       0
       0
       0
       0
       0
       0
       0
       0
       0
       0
       0
       0
       0
       0
       0
       0
       0
       0
       0
       0
       0
       0
       0
       0
       0
       0
       0
       0
       0
       0
       0
       0
       0
       0
       0
       0
       0
       0
       0
       0
       0
       0
       0
       0
       0
       0
       0
       0
       0
       0
       0
       0
       0
       0
       0
       0
       0
       0
       0
       0
       0
       0
       0
       0
       0
       0
       0
       0
       0
       0
       0
       0
       0
       0
       0
       0
       0
       0
       0
       0
       0
       0
       0
       0
       0
       0
       0
       0
       0
       0
       0
       0
       0
       0
       0
       0
       0
       0
       0
       0
       0
       0
       0
       0
       0
       0
       0
       0
       0
       0
       0
       0
       0
       0
       0
       0
       0
       0
       0
       0
       0
       0
       0
       0
       0
       0
       0
       0
       0
       0
       0
       0
       0
       0
       0
       0
$ROI:
2
0 268
272 2045
$PRESETS:
None
0
0
$ENER_FIT:
0.000000 3.492040
$MCA_CAL:
3
0.000000E+000 3.492040E+000 0.000000E+000 keV
$SHAPE_CAL:
3
1.303160E+002 0.000000E+000 0.000000E+000
