$SPEC_ID:
No sample description was entered.
$SPEC_REM:
DET# 2
DETDESC# JLAB-18 MCB 131
AP# Maestro Version 7.01
$DATE_MEA:
10/24/2022 16:14:45
$MEAS_TIM:
173 173
$DATA:
0 2047
       0
       0
       0
       0
       0
       0
       0
       0
       0
       0
       0
       0
       0
       0
       0
       0
       0
       0
       0
       0
       0
       0
       0
       0
       0
       0
       0
       0
       0
       0
       0
       0
       0
       0
       0
       0
       0
       0
       0
       0
       0
       0
       0
       0
       0
       0
       0
       0
       0
       0
       0
       0
       0
       0
       0
       0
       0
       0
       0
       0
       0
       0
       0
       0
       0
       0
       0
       0
       0
       0
       0
       0
       0
       0
       0
       0
       0
       0
       0
       0
       0
       0
       0
       0
       0
       0
       0
       0
       0
       0
       0
       0
       0
       0
       0
       0
       0
       0
       0
       0
       0
       0
       0
       0
       0
       0
       0
       0
       0
       0
       0
       0
       0
       0
       0
       0
       0
       0
       0
       0
       0
       0
       0
       0
       0
       0
       0
       0
       0
       0
       0
       0
       0
       0
       0
       0
       0
       0
       0
       0
       0
       0
       0
       0
       0
       0
       0
       0
       0
       0
       0
       0
       0
       0
       0
       0
       0
       0
       0
       0
       0
       0
       0
       0
       0
       0
       0
       0
       0
       0
       0
       0
       0
       0
       0
       0
       0
       0
       0
       0
       0
       0
       0
       0
       0
       0
       0
       0
       0
       0
       0
       0
       0
       0
       0
       1
       0
       1
       0
       1
       1
       2
       1
       0
       1
       1
       2
       0
       1
       1
       0
       0
       1
       2
       0
       1
       2
       1
       1
       1
       0
       0
       0
       2
       0
       1
       0
       1
       1
       0
       1
       2
       1
       0
       0
       2
       1
       2
       0
       0
       1
       1
       0
       0
       2
       0
       1
       1
       1
       1
       1
       0
       1
       2
       1
       0
       1
       1
       0
       0
       0
       1
       3
       1
       2
       1
       0
       1
       0
       0
       0
       1
       0
       0
       1
       0
       0
       1
       2
       0
       2
       0
       0
       1
       1
       2
       0
       1
       0
       1
       1
       1
       0
       0
       1
       0
       1
       1
       0
       1
       1
       0
       0
       0
       1
       0
       0
       2
       0
       1
       0
       3
       0
       1
       0
       1
       1
       0
       0
       0
       1
       0
       0
       0
       1
       0
       0
       2
       2
       0
       2
       0
       0
       0
       0
       0
       1
       0
       0
       2
       3
       1
       0
       0
       1
       0
       0
       0
       0
       0
       0
       0
       1
       1
       0
       0
       1
       0
       1
       1
       0
       2
       1
       0
       0
       0
       0
       0
       0
       1
       1
       0
       1
       1
       0
       0
       1
       0
       0
       0
       1
       0
       2
       0
       0
       0
       2
       0
       0
       1
       0
       0
       0
       0
       1
       0
       1
       0
       0
       1
       0
       1
       0
       0
       0
       1
       1
       0
       0
       0
       0
       0
       1
       0
       0
       0
       0
       0
       2
       2
       1
       3
       0
       0
       1
       0
       0
       1
       0
       1
       0
       0
       1
       0
       0
       2
       0
       0
       1
       0
       1
       0
       0
       1
       2
       1
       0
       0
       2
       0
       0
       1
       3
       0
       0
       0
       1
       2
       0
       1
       1
       0
       1
       1
       0
       0
       3
       0
       1
       0
       0
       0
       0
       0
       0
       0
       1
       1
       1
       0
       2
       2
       0
       1
       1
       0
       0
       0
       0
       0
       0
       1
       0
       1
       0
       0
       1
       2
       1
       0
       1
       1
       0
       0
       0
       1
       2
       1
       0
       2
       1
       0
       1
       1
       1
       0
       0
       1
       0
       0
       1
       0
       2
       2
       0
       0
       1
       0
       2
       2
       0
       1
       0
       0
       0
       1
       0
       0
       1
       2
       0
       0
       2
       0
       1
       2
       0
       1
       0
       0
       0
       1
       0
       0
       0
       0
       0
       0
       1
       0
       0
       1
       0
       0
       0
       2
       0
       0
       0
       0
       1
       1
       1
       1
       0
       0
       1
       0
       1
       1
       4
       2
       0
       0
       0
       0
       1
       1
       0
       0
       0
       0
       0
       0
       0
       0
       2
       0
       1
       0
       0
       0
       0
       0
       0
       0
       2
       0
       1
       0
       0
       0
       0
       0
       0
       0
       1
       0
       0
       1
       0
       0
       0
       1
       1
       1
       0
       0
       2
       0
       0
       1
       0
       0
       1
       1
       0
       1
       0
       1
       0
       1
       1
       1
       0
       0
       0
       0
       0
       1
       2
       1
       0
       0
       0
       2
       1
       0
       0
       0
       2
       2
       1
       2
       1
       0
       2
       0
       1
       0
       1
       1
       0
       0
       2
       0
       0
       0
       0
       1
       0
       0
       1
       0
       0
       0
       0
       1
       0
       0
       0
       0
       1
       0
       0
       0
       0
       0
       0
       0
       0
       0
       1
       2
       1
       3
       0
       0
       0
       0
       1
       1
       0
       0
       1
       0
       1
       0
       0
       1
       0
       1
       0
       0
       1
       0
       2
       0
       0
       1
       1
       0
       0
       0
       0
       0
       0
       0
       1
       0
       0
       1
       0
       1
       1
       0
       2
       0
       1
       0
       1
       0
       1
       0
       0
       0
       1
       0
       0
       0
       0
       0
       1
       1
       2
       0
       0
       1
       0
       1
       0
       0
       0
       0
       1
       0
       0
       1
       0
       1
       0
       0
       2
       0
       0
       0
       2
       1
       0
       1
       0
       0
       1
       0
       3
       0
       0
       2
       0
       1
       1
       0
       1
       0
       0
       1
       0
       0
       0
       0
       3
       0
       1
       1
       1
       0
       0
       0
       1
       0
       0
       1
       1
       0
       0
       0
       3
       1
       1
       1
       0
       1
       1
       1
       0
       1
       1
       0
       2
       0
       1
       1
       2
       0
       0
       0
       0
       1
       0
       0
       0
       0
       1
       0
       0
       1
       0
       0
       0
       1
       1
       0
       0
       0
       0
       0
       0
       0
       1
       0
       0
       1
       0
       2
       0
       1
       0
       1
       0
       1
       1
       0
       0
       1
       0
       1
       1
       0
       0
       0
       0
       1
       0
       1
       1
       0
       1
       0
       0
       0
       1
       1
       0
       0
       1
       0
       1
       0
       0
       0
       0
       2
       0
       0
       0
       3
       0
       1
       1
       0
       2
       0
       0
       3
       1
       1
       0
       0
       0
       1
       2
       2
       0
       0
       0
       0
       2
       0
       2
       0
       0
       1
       0
       0
       0
       0
       0
       0
       0
       0
       0
       1
       1
       0
       1
       0
       1
       1
       0
       2
       0
       2
       0
       1
       0
       0
       1
       0
       1
       3
       0
       0
       0
       0
       1
       0
       0
       0
       0
       1
       1
       1
       2
       0
       1
       0
       0
       1
       1
       0
       2
       0
       1
       0
       0
       1
       0
       1
       0
       2
       0
       2
       0
       0
       0
       3
       0
       3
       1
       0
       2
       2
       1
       0
       0
       0
       2
       1
       1
       1
       1
       1
       2
       0
       1
       0
       0
       1
       1
       0
       0
       1
       0
       3
       1
       2
       0
       1
       1
       0
       2
       0
       0
       0
       0
       0
       0
       0
       0
       2
       1
       1
       2
       0
       0
       0
       1
       0
       0
       1
       1
       1
       1
       1
       2
       1
       0
       0
       0
       1
       0
       2
       0
       0
       0
       0
       1
       3
       3
       2
       0
       0
       0
       0
       1
       2
       2
       1
       1
       1
       0
       2
       1
       2
       1
       1
       2
       1
       2
       1
       2
       0
       3
       3
       0
       0
       2
       0
       0
       1
       3
       1
       2
       0
       0
       0
       2
       0
       2
       1
       2
       1
       0
       1
       0
       1
       0
       1
       3
       0
       0
       1
       0
       0
       2
       0
       1
       1
       0
       2
       4
       2
       5
       5
       0
       2
       2
       0
       1
       0
       0
       2
       1
       1
       5
       0
       3
       1
       1
       0
       1
       1
       2
       2
       2
       0
       2
       1
       1
       3
       2
       5
       3
       4
       3
       2
       1
       3
       1
       1
       2
       0
       1
       4
       2
       3
       3
       3
       7
       0
       4
       2
       3
       0
       3
       0
       2
       3
       1
       5
       1
       0
       3
       4
       1
       0
       3
       5
       0
       2
       5
       2
       4
       1
       0
       4
       2
       3
       2
       3
       3
       4
       4
       1
       3
       7
       5
       0
       1
       3
       1
       2
      12
       2
       2
       3
       4
       4
       3
       2
       3
       2
       3
       1
       6
       1
       6
       4
       3
       4
       6
       4
       3
       1
       3
       9
       7
       4
       4
       1
       7
       3
       2
       3
       8
      13
       4
      10
       8
      10
       3
       6
       1
       5
       9
       8
       9
       9
       7
       3
       7
       9
       4
       5
       4
       5
       7
       7
       8
       2
       9
       7
       9
       4
      11
      12
       9
       7
       8
       4
       9
      12
       6
       7
       9
      12
       7
      14
       6
      17
      12
      16
      12
      11
      12
      13
      18
      12
      17
      15
      15
      15
       9
      21
      18
      13
      22
      16
      19
      17
      11
      20
      21
      18
      17
      25
      27
      36
      14
      27
      31
      33
      27
      22
      29
      31
      29
      20
      26
      33
      45
      34
      34
      38
      30
      37
      35
      30
      34
      30
      38
      38
      52
      39
      43
      46
      47
      35
      39
      56
      49
      45
      43
      63
      49
      47
      61
      60
      61
      61
      54
      57
      64
      76
      63
      76
      64
      80
      71
      64
      67
      79
      75
      79
      69
      66
      68
      86
      96
      97
      80
     102
      89
      91
     106
     102
      91
     105
      97
     102
      97
      92
      97
     102
     112
     124
     101
     101
     105
      98
     118
      99
     126
     128
      97
     120
     115
     109
     116
     132
     118
     120
     119
     108
     132
     100
     124
     134
     114
     121
     114
     122
     122
     127
     121
     120
     120
     156
     131
     126
     142
     101
     134
     124
     137
     105
     141
     118
     120
     126
     128
     117
     105
     134
     124
     119
     137
     124
     105
     114
     127
     125
     116
     132
     109
     115
     112
     113
     123
      96
      93
     120
     106
     112
      94
      98
     102
     103
      94
     104
      95
      88
      95
      85
     102
      92
      94
      87
      85
      82
      73
      80
      68
      59
      85
      77
      68
      65
      64
      76
      78
      56
      58
      49
      61
      52
      55
      43
      42
      56
      66
      52
      46
      39
      48
      40
      43
      44
      42
      41
      37
      28
      35
      22
      22
      34
      35
      30
      25
      28
      33
      27
      25
      23
      20
      21
      22
      19
      19
      19
      16
      23
      13
      21
      15
      11
      18
      11
      11
      14
      15
      11
      16
       8
      12
       9
       4
      10
      11
      10
      10
       8
       5
       8
      10
      11
       5
       4
       9
       4
       5
       4
       6
       2
       2
       3
       3
       4
       2
       3
       5
       1
       6
       3
       1
       0
       2
       0
       1
       2
       0
       2
       2
       0
       0
       0
       1
       0
       1
       1
       1
       1
       0
       1
       0
       1
       3
       2
       2
       0
       0
       0
       0
       0
       0
       0
       1
       0
       0
       0
       0
       0
       1
       0
       0
       0
       0
       0
       1
       0
       0
       0
       0
       0
       1
       0
       0
       0
       0
       0
       0
       0
       0
       0
       0
       0
       0
       0
       1
       1
       0
       0
       1
       0
       0
       0
       0
       0
       0
       0
       0
       0
       0
       0
       0
       0
       0
       0
       0
       0
       0
       0
       0
       0
       0
       0
       0
       0
       0
       0
       0
       0
       0
       0
       0
       0
       0
       0
       0
       0
       0
       0
       0
       0
       0
       0
       0
       0
       0
       0
       0
       0
       0
       0
       1
       0
       0
       0
       0
       0
       0
       0
       0
       0
       0
       0
       0
       0
       0
       0
       0
       0
       0
       0
       0
       0
       0
       0
       0
       0
       0
       0
       0
       0
       0
       0
       0
       0
       0
       0
       0
       0
       0
       0
       0
       0
       0
       0
       0
       0
       0
       0
       0
       0
       0
       0
       0
       0
       0
       0
       0
       0
       0
       0
       0
       0
       0
       0
       0
       0
       0
       0
       0
       0
       0
       0
       0
       0
       0
       0
       0
       0
       0
       0
       1
       0
       0
       0
       0
       0
       0
       0
       0
       0
       0
       0
       0
       0
       0
       0
       0
       0
       0
       0
       0
       0
       0
       0
       0
       0
       0
       0
       0
       0
       0
       0
       0
       0
       0
       0
       0
       0
       0
       0
       0
       0
       0
       0
       0
       0
       0
       0
       0
       0
       0
       0
       0
       0
       0
       0
       0
       0
       0
       0
       0
       0
       0
       0
       0
       0
       0
       1
       0
       0
       0
       0
       0
       0
       0
       0
       0
       0
       0
       0
       0
       0
       0
       0
       0
       0
       0
       0
       0
       0
       0
       0
       0
       0
       0
       0
       0
       0
       0
       0
       0
       0
       0
       0
       0
       0
       0
       0
       0
       0
       0
       0
       0
       0
       0
       0
       0
       0
       0
       0
       0
       0
       0
       0
       0
       0
       0
       0
       0
       0
       0
       0
       0
       0
       0
       0
       0
       0
       0
       0
       0
       0
       0
       0
       0
       0
       0
       0
       0
       0
       0
       0
       0
       0
       0
       0
       0
       0
       0
       0
       0
       0
       0
       0
       0
       0
       0
       0
       0
       0
       0
       0
       0
       0
       0
       0
       0
       0
       0
       0
       0
       0
       0
       0
       0
       0
       0
       0
       0
       0
       0
       0
       0
       0
       0
       0
       0
       0
       0
       0
       0
       0
       0
       0
       0
       0
       0
       0
       0
       0
       0
       0
       0
       0
       0
       0
       0
       0
       0
       0
       0
       0
       0
       0
       0
       0
       0
       0
       0
       0
       0
       0
       0
       0
       0
       0
       0
       0
       0
       0
       0
       0
       0
       0
       0
       0
       0
       0
       0
       0
       0
       0
       0
       0
$ROI:
1
91 2044
$PRESETS:
None
0
0
$ENER_FIT:
0.000000 3.492040
$MCA_CAL:
3
0.000000E+000 3.492040E+000 0.000000E+000 keV
$SHAPE_CAL:
3
1.303160E+002 0.000000E+000 0.000000E+000
