$SPEC_ID:
No sample description was entered.
$SPEC_REM:
DET# 2
DETDESC# JLAB-18 MCB 131
AP# Maestro Version 7.01
$DATE_MEA:
10/24/2022 16:04:04
$MEAS_TIM:
185 185
$DATA:
0 2047
       0
       0
       0
       0
       0
       0
       0
       0
       0
       0
       0
       0
       0
       0
       0
       0
       0
       0
       0
       0
       0
       0
       0
       0
       0
       0
       0
       0
       0
       0
       0
       0
       0
       0
       0
       0
       0
       0
       0
       0
       0
       0
       0
       0
       0
       0
       0
       0
       0
       0
       0
       0
       0
       0
       0
       0
       0
       0
       0
       0
       0
       0
       0
       0
       0
       0
       0
       0
       0
       0
       0
       0
       0
       0
       0
       0
       0
       0
       0
       0
       0
       0
       0
       0
       0
       0
       0
       0
       0
       0
       0
       0
       0
       0
       0
       0
       0
       0
       0
       0
       0
       0
       0
       0
       0
       0
       0
       0
       0
       0
       0
       0
       0
       0
       0
       0
       0
       0
       0
       0
       0
       0
       0
       0
       0
       0
       0
       0
       0
       0
       0
       0
       0
       0
       0
       0
       0
       0
       0
       0
       0
       0
       0
       0
       0
       0
       0
       0
       0
       0
       0
       0
       0
       0
       0
       0
       0
       0
       0
       0
       0
       0
       0
       0
       0
       0
       0
       0
       0
       0
       0
       0
       0
       0
       0
       0
       0
       0
       0
       0
       0
       0
       0
       0
       0
       0
       0
       0
       0
       0
       0
       0
       0
       0
       0
       0
       0
       1
       2
       2
       1
       1
       2
       2
       3
       1
       0
       3
       0
       1
       1
       1
       0
       0
       3
       1
       0
       0
       2
       1
       0
       2
       0
       0
       1
       2
       0
       0
       1
       1
       1
       0
       0
       3
       0
       1
       0
       0
       2
       1
       0
       1
       1
       0
       1
       0
       2
       1
       2
       0
       0
       1
       0
       1
       2
       0
       1
       0
       2
       0
       2
       1
       0
       0
       2
       1
       3
       1
       0
       2
       0
       0
       0
       1
       2
       2
       1
       0
       2
       1
       0
       0
       0
       1
       0
       1
       1
       0
       2
       1
       3
       0
       0
       1
       2
       0
       2
       3
       2
       0
       0
       0
       0
       3
       1
       0
       0
       2
       2
       1
       0
       0
       0
       1
       2
       0
       0
       0
       1
       2
       0
       1
       1
       2
       0
       0
       0
       2
       0
       2
       0
       0
       1
       1
       0
       1
       0
       1
       1
       0
       0
       2
       3
       0
       1
       1
       0
       2
       0
       1
       3
       1
       2
       0
       1
       1
       2
       2
       0
       1
       3
       2
       1
       0
       2
       2
       3
       1
       3
       0
       1
       1
       2
       0
       1
       1
       1
       0
       0
       1
       0
       0
       0
       0
       1
       0
       1
       0
       0
       1
       1
       0
       1
       0
       0
       1
       3
       0
       0
       3
       1
       1
       0
       1
       2
       2
       4
       2
       0
       0
       1
       0
       1
       0
       0
       1
       2
       1
       0
       0
       1
       0
       2
       0
       2
       0
       0
       0
       0
       0
       0
       0
       0
       3
       0
       0
       0
       1
       1
       1
       1
       0
       0
       0
       0
       2
       1
       2
       0
       1
       3
       2
       0
       1
       1
       1
       0
       1
       1
       0
       0
       3
       1
       1
       0
       1
       0
       0
       2
       0
       2
       1
       0
       1
       1
       2
       1
       0
       0
       0
       0
       0
       0
       0
       1
       1
       0
       2
       1
       3
       0
       0
       0
       1
       0
       0
       1
       0
       2
       2
       0
       1
       0
       0
       1
       0
       0
       0
       0
       0
       0
       0
       0
       1
       0
       0
       0
       1
       1
       1
       1
       2
       0
       1
       2
       1
       0
       1
       1
       0
       0
       1
       2
       1
       1
       0
       1
       2
       1
       1
       1
       0
       1
       2
       1
       0
       2
       0
       0
       0
       1
       0
       0
       2
       0
       1
       1
       2
       0
       0
       0
       0
       1
       1
       1
       0
       0
       2
       2
       1
       1
       1
       2
       2
       0
       0
       0
       0
       0
       1
       0
       1
       0
       1
       2
       0
       2
       0
       0
       0
       1
       0
       0
       1
       1
       2
       1
       0
       1
       1
       0
       1
       1
       0
       0
       0
       1
       0
       0
       0
       0
       2
       0
       0
       1
       0
       1
       0
       0
       1
       0
       0
       0
       0
       0
       0
       1
       0
       0
       1
       1
       1
       1
       2
       0
       0
       2
       4
       2
       2
       1
       0
       2
       0
       0
       2
       2
       1
       0
       2
       1
       0
       0
       2
       0
       0
       1
       0
       1
       0
       0
       1
       0
       0
       0
       1
       2
       0
       1
       2
       4
       1
       3
       1
       0
       0
       1
       0
       1
       0
       2
       0
       0
       0
       2
       0
       1
       0
       1
       0
       2
       3
       1
       2
       1
       0
       1
       1
       0
       3
       1
       0
       1
       1
       0
       0
       0
       2
       0
       2
       0
       1
       0
       0
       0
       0
       1
       0
       1
       2
       0
       0
       0
       1
       1
       0
       1
       0
       0
       0
       0
       2
       1
       1
       1
       0
       0
       1
       0
       0
       0
       0
       0
       1
       1
       0
       1
       2
       2
       2
       0
       2
       1
       1
       1
       3
       0
       0
       0
       0
       0
       0
       0
       3
       0
       0
       0
       0
       3
       1
       0
       0
       1
       0
       0
       1
       0
       1
       0
       0
       1
       0
       0
       0
       1
       1
       1
       0
       0
       1
       0
       3
       1
       0
       1
       0
       0
       2
       1
       2
       1
       1
       2
       0
       1
       0
       0
       0
       1
       2
       2
       0
       0
       1
       1
       1
       1
       1
       1
       1
       0
       1
       0
       0
       1
       0
       0
       0
       0
       0
       3
       0
       0
       0
       1
       0
       0
       2
       0
       0
       0
       1
       0
       0
       0
       0
       2
       1
       0
       2
       1
       1
       0
       0
       0
       1
       0
       0
       0
       0
       0
       2
       0
       1
       0
       2
       2
       0
       2
       0
       0
       2
       1
       1
       0
       0
       0
       0
       0
       2
       1
       0
       1
       1
       1
       2
       0
       1
       4
       1
       3
       2
       1
       0
       0
       1
       4
       2
       0
       1
       0
       0
       1
       1
       0
       0
       1
       2
       0
       2
       1
       0
       1
       1
       0
       0
       0
       2
       0
       0
       2
       0
       1
       1
       0
       1
       1
       0
       0
       2
       0
       1
       1
       0
       0
       2
       0
       3
       1
       1
       1
       2
       1
       0
       0
       1
       2
       0
       1
       1
       1
       0
       1
       0
       1
       0
       2
       1
       0
       1
       0
       0
       1
       0
       0
       1
       2
       0
       2
       3
       1
       0
       4
       0
       2
       1
       2
       1
       1
       3
       1
       0
       1
       0
       1
       2
       1
       0
       1
       1
       1
       0
       0
       1
       1
       3
       3
       1
       1
       0
       1
       2
       0
       0
       2
       1
       0
       0
       0
       3
       2
       1
       2
       3
       2
       0
       1
       2
       0
       2
       0
       0
       1
       0
       0
       0
       1
       0
       0
       0
       0
       2
       3
       2
       0
       0
       1
       1
       0
       1
       0
       3
       1
       2
       1
       1
       0
       1
       3
       0
       1
       2
       2
       1
       1
       1
       0
       1
       0
       2
       0
       3
       1
       2
       3
       3
       2
       1
       0
       1
       4
       0
       1
       0
       2
       2
       0
       0
       0
       0
       0
       1
       0
       0
       2
       1
       2
       3
       2
       4
       1
       1
       0
       2
       1
       2
       2
       1
       1
       1
       2
       0
       3
       2
       1
       0
       2
       1
       2
       2
       4
       0
       3
       2
       1
       2
       4
       2
       2
       0
       1
       0
       2
       1
       2
       4
       1
       4
       0
       1
       1
       3
       1
       4
       1
       4
       4
       1
       1
       1
       4
       0
       0
       0
       0
       2
       2
       2
       2
       2
       0
       0
       2
       3
       4
       2
       2
       0
       2
       3
       3
       4
       4
       1
       5
       2
       1
       2
       2
       3
       3
       1
       2
       3
       1
       1
       4
       4
       3
       4
       2
       4
       1
       2
       1
       2
       2
       1
       4
       4
       3
       0
       1
       0
       2
       2
       4
       5
       1
       3
       1
       7
       3
       8
       1
       3
       3
       2
       4
       4
       2
       3
       5
       2
       3
       6
       3
       4
       3
       0
       5
       1
      10
       6
       5
       6
       3
       2
       7
       6
       7
       3
       5
       3
       5
       3
       5
       7
       3
       8
       8
       5
       4
       4
       3
       5
       3
       3
       6
       4
       8
       5
       5
       3
       9
       8
       7
       8
       7
       5
       5
       4
       7
       7
       2
       4
       7
       6
       6
       7
       8
       3
       6
       6
       8
       9
      12
       5
      11
       6
      13
       9
       6
       3
       7
      13
      12
       7
      10
      13
      11
       7
      11
      11
      11
      10
       9
      14
      12
      15
      12
      13
      16
      15
      14
      15
      18
      15
      12
      14
      16
      19
      18
      22
      10
      20
      22
      19
      16
      17
      25
      17
      19
      22
      20
      16
      30
      21
      19
      28
      18
      18
      35
      22
      32
      21
      28
      39
      28
      25
      30
      36
      26
      37
      33
      35
      44
      40
      44
      35
      42
      47
      31
      52
      41
      58
      43
      42
      45
      65
      53
      50
      42
      55
      51
      70
      59
      61
      62
      53
      62
      68
      59
      50
      59
      53
      59
      78
      74
      76
      83
      77
     102
      67
      76
      91
     100
      93
      71
      86
      90
      98
     105
      96
     105
     102
     111
     119
     117
     133
     116
     119
     117
     111
     114
     109
     122
     127
     133
     108
     119
     149
     144
     128
     127
     143
     155
     143
     132
     147
     137
     135
     148
     147
     165
     150
     145
     176
     157
     157
     173
     199
     166
     171
     160
     162
     165
     186
     194
     175
     183
     190
     170
     203
     172
     180
     185
     168
     185
     208
     169
     161
     186
     182
     197
     166
     189
     175
     191
     186
     172
     209
     186
     204
     206
     185
     178
     184
     200
     177
     157
     169
     159
     200
     184
     176
     174
     161
     164
     185
     156
     172
     166
     162
     130
     164
     161
     153
     153
     163
     129
     152
     139
     141
     139
     130
     146
     125
     138
     131
     142
     133
     118
     100
     116
     119
     124
     113
     108
      78
     110
     105
     119
     116
     102
      85
     113
      93
      84
      84
      71
      82
      71
      75
      77
      74
      73
      75
      75
      64
      67
      62
      54
      54
      55
      51
      61
      68
      66
      51
      49
      36
      40
      34
      55
      43
      38
      47
      32
      32
      50
      43
      38
      26
      23
      31
      32
      36
      25
      28
      22
      18
      18
      19
      24
      23
      17
      25
      23
      16
      16
      16
      16
      12
      15
      13
      13
      12
       5
      13
      12
       5
       7
      11
       8
      11
       6
       7
       9
       3
       5
      12
       7
       6
       5
       3
       5
       4
       2
       5
       3
       4
       5
       2
       2
       2
       1
       0
       5
       2
       1
       1
       4
       2
       0
       0
       1
       0
       0
       1
       3
       1
       0
       0
       3
       0
       1
       1
       2
       0
       0
       1
       1
       0
       2
       1
       0
       1
       0
       1
       0
       0
       1
       0
       0
       0
       0
       1
       1
       0
       0
       0
       0
       0
       1
       0
       1
       0
       0
       0
       0
       0
       0
       0
       0
       0
       0
       1
       0
       0
       0
       0
       0
       0
       0
       0
       0
       0
       0
       0
       0
       0
       0
       0
       0
       0
       0
       0
       0
       1
       0
       0
       0
       0
       0
       0
       0
       0
       1
       0
       0
       0
       0
       0
       0
       0
       0
       0
       0
       0
       0
       0
       0
       0
       0
       0
       0
       0
       0
       0
       0
       0
       0
       0
       0
       0
       0
       0
       0
       0
       0
       0
       0
       0
       0
       0
       0
       0
       0
       0
       0
       0
       0
       0
       0
       0
       0
       0
       0
       0
       0
       0
       0
       0
       0
       0
       0
       0
       0
       0
       0
       0
       0
       0
       0
       0
       0
       0
       0
       0
       0
       0
       0
       0
       0
       0
       0
       0
       0
       0
       0
       0
       0
       0
       0
       0
       0
       0
       0
       0
       0
       0
       0
       0
       0
       0
       0
       0
       0
       0
       0
       0
       0
       0
       0
       0
       0
       0
       0
       0
       0
       0
       0
       0
       0
       0
       0
       0
       0
       0
       0
       0
       0
       0
       0
       0
       0
       0
       0
       0
       0
       0
       0
       0
       0
       0
       0
       0
       0
       0
       0
       0
       0
       0
       0
       0
       0
       0
       0
       0
       0
       0
       0
       0
       0
       0
       0
       0
       0
       0
       0
       0
       0
       0
       0
       0
       0
       0
       0
       0
       0
       0
       0
       0
       0
       0
       0
       0
       0
       0
       0
       0
       0
       0
       0
       0
       0
       0
       0
       0
       0
       0
       0
       0
       0
       0
       0
       0
       0
       0
       0
       0
       0
       0
       0
       0
       0
       0
       0
       0
       0
       0
       0
       0
       0
       0
       0
       0
       0
       0
       0
       0
       0
       0
       0
       0
       0
       0
       0
       0
       0
       0
       0
       0
       0
       0
       0
       0
       0
       0
       0
       0
       0
       0
       0
       0
       0
       0
       0
       0
       0
       0
       0
       0
       0
       0
       0
       0
       0
       0
       0
       0
       0
       0
       0
       0
       0
       0
       0
       0
       0
       0
       0
       0
       0
       0
       0
       0
       0
       0
       0
       0
       0
       0
       0
       0
       0
       0
       0
       0
       0
       0
       0
       0
       0
       0
       0
       0
       0
       0
       0
       0
       0
       0
       0
       0
       0
       0
       0
       0
       0
       0
       0
       0
       0
       0
       0
       0
       0
       0
       0
       0
       0
       0
       0
       0
       0
       0
       0
       0
       0
       0
       0
       0
       0
       0
       0
       0
       0
       0
       0
       0
       0
       0
       0
       0
       0
       0
$ROI:
1
91 2044
$PRESETS:
None
0
0
$ENER_FIT:
0.000000 3.492040
$MCA_CAL:
3
0.000000E+000 3.492040E+000 0.000000E+000 keV
$SHAPE_CAL:
3
1.303160E+002 0.000000E+000 0.000000E+000
