$SPEC_ID:
No sample description was entered.
$SPEC_REM:
DET# 2
DETDESC# JLAB-18 MCB 131
AP# Maestro Version 7.01
$DATE_MEA:
10/19/2022 16:03:59
$MEAS_TIM:
3256 3258
$DATA:
0 2047
       0
       0
       0
       0
       0
       0
       0
       0
       0
       0
       0
       0
       0
       0
       0
       0
       0
       0
       0
       0
       0
       0
       0
       0
       0
       0
       0
       0
       0
       0
       0
       0
       0
       0
       0
       0
       0
       0
       0
       0
       0
       0
       0
       0
       0
       0
       0
       0
       0
       0
       0
       0
       0
       0
       0
       0
       0
       0
       0
       0
       0
       0
       0
       0
       0
       0
       0
       0
       0
       0
       0
       0
       0
       0
       0
       0
       0
       0
       0
       0
       0
       0
       0
       0
       0
       0
       0
       0
       0
       0
       0
       0
       0
       0
       0
       0
       0
       0
       0
       0
       0
       0
       0
       0
       0
       0
       0
       0
       0
       0
       0
       0
       0
       0
       0
       0
       0
       0
       0
       0
       0
       0
       0
       0
       0
       1
       0
       0
       0
       0
       0
       0
       0
       0
       0
       0
       0
       0
       0
       0
       0
       0
       0
       0
       0
       0
       0
       0
       0
       0
       0
       0
       0
       0
       0
       0
       0
       0
       0
       1
       0
       1
       1
       0
       0
       0
       0
       0
       0
       0
       0
       0
       0
       0
       0
       0
       0
       0
       0
       0
       0
       0
       0
       0
       0
       0
       0
       1
       0
       0
       0
       0
       0
       1
       5
       5
      13
      19
      17
      16
      22
      21
      12
      22
      11
      14
      21
      14
      17
      20
      18
      12
      15
      14
      12
      23
      15
      26
      15
      15
      18
      12
      17
      19
      25
      16
      20
      17
      21
      14
      20
      13
      16
      18
       9
      16
      19
      12
      15
      19
      14
      19
      10
      16
      12
      13
       9
      14
      15
      15
      16
      19
      18
      16
      10
      15
      16
      11
      21
      12
      12
      13
      15
      13
      16
      16
      11
      11
      12
      17
      18
      13
      14
      19
      17
      17
      16
      13
      15
      19
      12
      14
      11
      16
      25
      18
       6
      12
      16
      12
      14
      18
      13
      12
      15
      11
      14
       7
      17
      21
      11
      17
      15
       9
      20
      10
      14
      16
      13
      18
      11
      12
      13
      16
      10
      14
       8
      11
       9
       9
      16
      18
      15
       7
      14
      12
      12
      14
       8
      16
      11
      10
       8
      16
      10
       9
      14
      13
       9
      11
      15
      16
      13
       9
      13
      11
      17
       7
      13
      15
      15
      10
      12
      11
      18
      12
      15
       7
       8
      14
      13
      13
      11
      12
      17
      12
      12
      13
      10
       5
       9
      16
      14
      17
      20
      15
       8
       8
      10
       9
      13
      10
      13
      17
      17
       7
      10
      17
      14
      15
      15
      17
      10
      13
       9
       7
      11
      12
       9
       7
      16
      15
      12
      18
      15
      11
      16
      11
      16
      19
       6
       8
       7
       8
      11
       6
      13
      10
      17
      20
      12
      11
       9
      17
      14
      19
      17
      14
      15
      20
      10
      11
      13
      20
      15
       6
      10
       7
      13
      12
      18
      11
      11
      16
      13
       9
       9
       6
      15
      12
      14
       9
      14
      13
       9
       9
      11
      17
      14
      12
      10
      12
      14
      11
      18
      16
       8
      10
       8
       7
      14
      10
      15
      17
      10
      16
      14
      17
      11
      16
      14
      14
      10
      11
      10
       5
       9
      11
      11
       8
      10
      10
       9
       9
      14
      19
      11
       9
      13
      13
      13
      11
      13
      10
      11
      10
      11
      12
      15
      16
       9
      12
       8
      13
       9
      10
      13
      15
      14
      16
      16
      10
       9
      17
      12
      13
      11
      12
      18
       7
      18
      16
      17
       7
      16
      10
      12
      15
      16
      12
       5
      14
      20
      16
      10
       6
      10
      12
      18
      23
      12
      11
      12
       9
      13
      13
      16
      13
      11
       7
       9
      12
      10
       5
      13
      16
      13
      14
      11
      15
      17
      10
      11
      11
      10
      11
      14
      15
      13
      17
      15
       7
      12
       8
      14
       8
      14
      16
      12
       7
      12
      13
       8
      13
      12
      12
       9
       6
      15
      10
      12
      10
      10
      16
      16
      20
      14
      13
      18
       9
      10
      12
      12
      18
      14
       2
      13
      16
      12
      10
      17
      12
      10
       9
       9
      13
       8
      15
      15
      18
      14
      13
      10
      15
       7
      11
      13
      15
       5
      14
      16
       8
      12
       7
      13
      10
      16
       9
      13
      15
      12
      10
      15
      19
      12
      12
       8
      10
      11
      21
      13
      12
      14
      14
      13
       6
      12
      12
       9
       9
       8
      10
      13
      11
      14
      14
      19
      12
      18
       8
       9
       9
       8
      18
       5
      13
      14
       9
      14
      12
       5
       8
      10
      10
      12
      15
      14
       8
      10
      10
      11
       9
       6
      13
       5
      13
      10
      22
      17
      11
       6
      11
      11
      14
      13
       9
      13
      13
      17
      17
      11
      15
      17
       9
       9
      14
      14
       9
      22
       9
       8
      16
      11
      11
      10
      17
      11
       4
      10
      10
      16
      14
      12
      20
      15
       9
      12
       6
      11
       9
      13
      14
       8
      13
      15
      13
       8
      22
      12
      11
      15
      21
       9
      19
      20
      15
      17
      10
      10
      14
      17
      13
       7
       9
      14
      14
      17
      13
      16
      18
      11
       3
      10
      15
      16
      19
      17
       7
      12
      14
      11
       9
      12
      14
      11
      17
      14
      17
      10
      19
      11
      15
      14
       9
      10
      10
      10
      11
      12
      13
      16
      15
      18
      14
      15
      17
      13
      13
      17
      16
      17
      15
       9
      23
      11
      17
       9
       9
      13
       6
      13
      10
      10
      10
      11
      15
       6
      11
       8
       7
      10
       8
       8
      14
      14
       9
      15
      13
      13
      13
       8
      17
      19
      13
      12
      16
      11
      15
       8
      12
      10
      11
      10
      12
      12
      13
      14
      13
      13
      12
       9
      18
      11
      15
      15
      12
      13
      14
      15
      17
      15
      15
       7
      14
      13
      15
       8
      14
      15
      10
      19
      10
      14
      13
      13
      12
      11
      12
      16
      17
       7
      10
      13
      16
      15
      11
      18
       3
      11
      15
      19
      14
      19
       8
      13
      17
      12
      17
      14
      17
      11
      14
      17
       7
       9
      15
      14
      13
      15
      21
      13
      19
      16
       6
      12
      17
      15
      15
      10
      12
      17
       8
      12
       9
       8
       9
      14
      20
      10
      18
      17
       9
       5
       8
      10
       8
       8
      17
      18
      20
      12
      18
       7
      18
      17
      15
      12
       9
      12
      16
      20
       4
      17
      13
      14
      10
      14
      16
      16
      17
      13
      16
      17
      14
      13
      12
      20
       8
      12
      11
      15
      11
      12
      11
      16
      16
      14
      20
      23
      18
      16
      14
      22
      14
      12
      13
      17
      17
      15
      18
      12
       8
      16
      16
      16
      16
       9
      21
      18
      13
      12
      15
      14
      21
      19
      15
      14
      19
      16
      15
       8
      15
       8
      27
      12
      18
      21
      15
      21
      17
      16
      22
      25
      20
      14
       7
      14
      16
      19
      18
      15
      24
      16
      15
      22
      14
      16
      16
      21
      18
      15
      27
      21
      22
      15
      17
      17
      25
      22
      14
      21
      14
      14
      13
      27
      20
      18
      16
      12
      18
      31
      22
      19
      28
      17
      18
      24
      18
      21
      15
      27
      16
      18
      18
      23
      20
      22
      19
      30
      18
      23
      19
      26
      21
      16
      17
      20
      23
      19
      17
      22
      30
      22
      23
      26
      23
      18
      16
      17
      24
      17
      18
      20
      23
      17
      21
      19
      28
      22
      23
      20
      25
      23
      31
      34
      28
      26
      30
      18
      21
      34
      29
      21
      22
      32
      23
      20
      26
      30
      28
      23
      23
      22
      22
      27
      24
      21
      28
      30
      25
      28
      20
      21
      28
      23
      20
      36
      18
      35
      27
      27
      26
      21
      28
      23
      46
      21
      17
      28
      29
      29
      38
      40
      29
      41
      38
      28
      34
      29
      40
      23
      31
      33
      34
      25
      38
      28
      39
      43
      36
      45
      27
      29
      31
      32
      34
      31
      46
      38
      39
      38
      36
      33
      34
      32
      38
      35
      41
      42
      36
      35
      51
      41
      41
      40
      44
      41
      47
      41
      57
      45
      42
      54
      45
      37
      33
      43
      40
      48
      49
      54
      44
      47
      52
      40
      53
      46
      38
      45
      50
      46
      52
      53
      46
      58
      57
      49
      53
      52
      66
      61
      46
      73
      56
      70
      65
      58
      62
      65
      62
      65
      62
      70
      66
      52
      64
      84
      68
      75
      85
      66
      72
      83
      94
      77
      57
      81
      70
     104
      79
      87
      80
      83
      68
      87
      76
      83
      69
      87
      95
      98
      82
      89
      88
      87
      90
     106
      98
      93
      89
     102
      97
      99
     127
     101
     104
     107
     110
     109
     128
     127
     119
     125
     107
     114
     108
     110
     142
     123
     128
     131
     138
     144
     144
     120
     162
     144
     153
     144
     159
     142
     144
     161
     176
     159
     152
     168
     167
     183
     204
     173
     201
     199
     235
     222
     197
     174
     223
     241
     199
     229
     226
     224
     235
     246
     275
     257
     252
     272
     295
     250
     310
     286
     290
     293
     291
     274
     352
     341
     336
     351
     316
     356
     372
     355
     389
     341
     426
     419
     401
     390
     414
     435
     433
     440
     440
     448
     510
     480
     513
     500
     498
     582
     544
     511
     583
     561
     630
     637
     632
     582
     686
     651
     634
     683
     715
     726
     696
     740
     776
     779
     766
     799
     890
     879
     841
     878
     839
     931
    1001
     942
     984
    1047
    1092
    1053
    1079
    1079
    1149
    1169
    1176
    1198
    1270
    1232
    1286
    1326
    1302
    1358
    1372
    1412
    1386
    1493
    1470
    1496
    1609
    1595
    1599
    1598
    1646
    1693
    1713
    1794
    1815
    1796
    1825
    1931
    1874
    1935
    1987
    1951
    2026
    2067
    2194
    2125
    2191
    2205
    2212
    2283
    2213
    2339
    2261
    2382
    2382
    2283
    2439
    2414
    2555
    2584
    2584
    2597
    2545
    2710
    2711
    2657
    2781
    2786
    2773
    2772
    2843
    2882
    2872
    2963
    2888
    2879
    3039
    3036
    3013
    2978
    3091
    3158
    3022
    3037
    3129
    3123
    3105
    3080
    3191
    3207
    3175
    3122
    3146
    3236
    3195
    3186
    3285
    3264
    3164
    3254
    3152
    3341
    3234
    3131
    3178
    3334
    3262
    3223
    3176
    3240
    3223
    3263
    3343
    3132
    3221
    3226
    3190
    3085
    3154
    3094
    3081
    3092
    2976
    3050
    2913
    2981
    2965
    2827
    2902
    2878
    2903
    2758
    2848
    2812
    2690
    2858
    2707
    2698
    2692
    2535
    2607
    2497
    2485
    2500
    2411
    2342
    2374
    2274
    2325
    2387
    2242
    2233
    2239
    2192
    2128
    2049
    2022
    1930
    1937
    1909
    1800
    1848
    1849
    1764
    1728
    1715
    1638
    1664
    1633
    1558
    1479
    1493
    1446
    1394
    1382
    1337
    1341
    1235
    1234
    1215
    1215
    1173
    1096
    1123
    1062
    1029
     986
     945
     921
     958
     890
     895
     786
     827
     800
     797
     733
     698
     683
     726
     638
     583
     613
     593
     541
     496
     516
     504
     506
     463
     455
     426
     420
     410
     391
     387
     304
     335
     302
     334
     300
     286
     266
     268
     225
     238
     212
     213
     210
     187
     194
     168
     171
     181
     169
     145
     151
     142
     110
     123
     104
     115
     102
     124
     113
      92
      89
      60
      77
      83
      78
      77
      64
      62
      58
      67
      53
      52
      38
      50
      48
      39
      42
      39
      37
      42
      30
      28
      30
      25
      20
      24
      12
      18
      22
      20
      18
      16
      15
      12
      13
       9
      13
      16
       7
       9
       7
      13
       6
       6
       7
       5
       6
       5
       4
       2
      14
      10
       2
       7
       6
       8
       6
       2
       6
       1
       3
       3
       1
       4
       3
       2
       4
       2
       5
       3
       0
       3
       1
       4
       1
       0
       0
       3
       2
       0
       0
       1
       3
       0
       0
       1
       3
       1
       1
       0
       1
       0
       0
       0
       0
       0
       2
       0
       1
       2
       0
       0
       0
       2
       0
       0
       3
       1
       1
       1
       0
       0
       0
       1
       2
       0
       0
       1
       0
       0
       1
       2
       1
       0
       0
       1
       0
       0
       0
       0
       0
       0
       0
       0
       0
       0
       0
       0
       0
       0
       0
       2
       0
       0
       1
       0
       0
       0
       0
       1
       0
       0
       0
       0
       0
       0
       0
       1
       0
       1
       1
       0
       0
       0
       0
       0
       1
       0
       0
       0
       0
       0
       0
       0
       0
       0
       0
       0
       0
       0
       0
       0
       1
       1
       0
       0
       0
       0
       0
       0
       2
       0
       0
       0
       0
       0
       0
       0
       0
       0
       0
       0
       0
       0
       0
       1
       0
       0
       0
       0
       0
       0
       0
       0
       0
       0
       2
       0
       0
       0
       1
       0
       1
       0
       2
       0
       0
       0
       1
       0
       0
       0
       0
       0
       0
       0
       0
       0
       0
       0
       0
       0
       0
       0
       0
       0
       0
       1
       0
       0
       0
       0
       0
       0
       0
       0
       0
       0
       0
       1
       0
       0
       0
       0
       0
       1
       1
       0
       0
       0
       0
       0
       0
       0
       0
       0
       0
       0
       0
       0
       0
       0
       0
       0
       0
       0
       0
       0
       1
       0
       0
       0
       0
       0
       1
       1
       0
       0
       0
       0
       0
       0
       0
       0
       0
       1
       0
       1
       0
       0
       0
       0
       0
       0
       0
       0
       0
       0
       0
       0
       0
       0
       0
       0
       0
       0
       0
       0
       0
       0
       0
       0
       0
       0
       0
       0
       0
       0
       0
       0
       0
       0
       0
       0
       0
       0
       0
       0
       0
       0
       0
       0
       0
       0
       0
       0
       0
       0
       0
       0
       0
       0
       0
       0
       0
       0
       0
       0
       0
       0
       0
       0
       0
       0
       0
$ROI:
0
$PRESETS:
None
0
0
$ENER_FIT:
0.000000 3.492040
$MCA_CAL:
3
0.000000E+000 3.492040E+000 0.000000E+000 keV
$SHAPE_CAL:
3
1.303160E+002 0.000000E+000 0.000000E+000
