$SPEC_ID:
No sample description was entered.
$SPEC_REM:
DET# 2
DETDESC# JLAB-18 MCB 131
AP# Maestro Version 7.01
$DATE_MEA:
11/03/2022 11:06:10
$MEAS_TIM:
303 305
$DATA:
0 2047
       0
       0
       0
       0
       0
       0
       0
       0
       0
       0
       0
       0
       0
       0
       0
       0
       0
       0
       0
       0
       0
       0
       0
       0
       0
       0
       0
       0
       0
       0
       0
       0
       0
       0
       0
       0
       0
       0
       0
       0
       0
       0
       0
       0
       0
       0
       0
       0
       0
       0
       0
       0
       0
       0
       0
       0
       0
       0
       0
       0
       0
       0
       0
       0
       0
       0
       0
       0
       0
       0
       0
       0
       0
       0
       0
       0
       0
       0
       0
       0
       0
       0
       0
       0
       0
       0
       0
       0
       0
       0
       0
       0
       0
       0
       0
       0
       0
       0
       0
       0
       0
       0
       0
       0
       0
       0
       0
       0
       0
       0
       3
       2
       2
       4
       0
       1
       1
       4
       3
       6
       2
       1
       0
       2
       6
       3
       0
       3
       3
       2
       1
       3
       1
       0
       2
       3
       3
       1
       0
       3
       1
       3
       3
       0
       2
       2
       1
       0
       1
       0
       1
       3
       3
       2
       1
       1
       1
       0
       3
       0
       3
       4
       5
       3
       4
       1
       0
       3
       3
       0
       3
       1
       0
       0
       1
       0
       1
       3
       0
       2
       3
       1
       1
       4
       0
       1
       1
       1
       2
       1
       2
       0
       0
       0
       4
       3
       3
       2
       0
       0
       0
       1
       2
       0
       3
       2
       4
       1
       0
       1
       0
       2
       4
       3
       1
       4
       0
       1
       1
       0
       0
       2
       1
       0
       1
       0
       2
       2
       0
       2
       1
       1
       0
       0
       2
       0
       1
       0
       1
       2
       0
       0
       1
       0
       5
       0
       0
       3
       0
       1
       0
       2
       2
       4
       3
       1
       0
       1
       0
       1
       0
       3
       0
       1
       0
       0
       2
       0
       1
       2
       0
       0
       2
       2
       0
       2
       0
       1
       0
       2
       1
       1
       1
       2
       1
       0
       0
       1
       0
       0
       0
       2
       2
       0
       2
       2
       2
       0
       0
       1
       0
       2
       2
       3
       0
       1
       1
       2
       1
       0
       1
       4
       1
       0
       4
       0
       0
       2
       0
       0
       0
       1
       2
       1
       0
       2
       0
       1
       1
       0
       0
       1
       3
       0
       2
       1
       1
       1
       1
       2
       0
       1
       0
       1
       2
       2
       1
       0
       1
       0
       1
       0
       2
       0
       0
       1
       0
       0
       1
       1
       1
       0
       1
       1
       1
       0
       0
       1
       2
       0
       2
       0
       2
       0
       1
       3
       2
       1
       3
       0
       1
       1
       0
       2
       2
       2
       1
       0
       0
       3
       1
       2
       0
       2
       0
       1
       2
       0
       3
       4
       1
       1
       1
       1
       0
       0
       2
       2
       2
       2
       1
       0
       0
       2
       2
       1
       2
       1
       0
       1
       3
       2
       2
       2
       1
       0
       3
       0
       3
       1
       2
       1
       0
       1
       0
       1
       4
       2
       0
       0
       0
       0
       1
       0
       1
       1
       3
       2
       1
       1
       3
       0
       0
       0
       0
       3
       2
       1
       1
       2
       0
       1
       0
       0
       1
       0
       1
       1
       1
       1
       2
       0
       0
       0
       1
       0
       0
       0
       1
       1
       0
       0
       0
       1
       1
       1
       0
       0
       0
       2
       1
       1
       3
       0
       0
       1
       2
       0
       1
       1
       0
       0
       0
       0
       0
       0
       2
       0
       0
       1
       3
       0
       2
       1
       1
       3
       1
       2
       0
       2
       0
       2
       1
       2
       0
       0
       0
       0
       2
       2
       1
       1
       0
       0
       0
       0
       0
       1
       0
       0
       0
       0
       2
       2
       1
       2
       1
       1
       0
       2
       1
       0
       0
       0
       2
       4
       2
       2
       1
       0
       1
       1
       2
       1
       2
       4
       1
       1
       1
       3
       0
       2
       0
       1
       1
       3
       0
       1
       1
       0
       1
       1
       0
       2
       0
       0
       2
       0
       1
       1
       1
       0
       2
       1
       1
       2
       2
       0
       1
       1
       1
       2
       1
       0
       2
       2
       0
       0
       2
       0
       4
       1
       2
       3
       2
       1
       0
       2
       0
       0
       1
       3
       1
       0
       0
       1
       0
       1
       2
       0
       1
       0
       0
       2
       1
       0
       0
       0
       2
       4
       1
       2
       3
       1
       1
       0
       1
       1
       1
       0
       1
       0
       2
       1
       0
       0
       4
       4
       0
       0
       3
       3
       3
       0
       2
       0
       2
       1
       0
       0
       3
       1
       1
       3
       1
       0
       2
       0
       0
       0
       0
       1
       0
       1
       1
       1
       2
       3
       2
       0
       2
       1
       0
       0
       0
       1
       3
       3
       0
       2
       1
       1
       2
       2
       2
       0
       0
       1
       2
       1
       1
       1
       3
       1
       1
       2
       0
       1
       1
       0
       1
       1
       0
       0
       1
       0
       1
       3
       2
       2
       1
       4
       2
       0
       3
       0
       2
       1
       3
       0
       1
       1
       0
       3
       0
       2
       1
       0
       1
       0
       1
       3
       2
       2
       2
       3
       0
       2
       1
       1
       1
       0
       3
       1
       3
       0
       0
       2
       2
       2
       5
       1
       2
       1
       2
       3
       1
       0
       2
       2
       1
       0
       2
       0
       2
       2
       4
       0
       1
       1
       1
       0
       1
       1
       0
       1
       1
       2
       0
       3
       1
       0
       2
       3
       1
       1
       1
       1
       0
       2
       3
       1
       0
       0
       0
       0
       0
       0
       1
       0
       2
       2
       2
       0
       2
       1
       0
       0
       1
       1
       1
       5
       0
       2
       0
       1
       1
       1
       1
       1
       1
       1
       1
       3
       3
       1
       0
       1
       3
       2
       1
       1
       0
       2
       2
       1
       4
       3
       0
       2
       2
       0
       1
       3
       2
       2
       2
       1
       0
       1
       4
       3
       2
       1
       4
       4
       1
       3
       1
       3
       2
       3
       1
       1
       4
       2
       1
       3
       0
       3
       1
       1
       0
       2
       1
       4
       0
       3
       2
       1
       3
       0
       3
       0
       4
       0
       2
       1
       0
       3
       0
       3
       2
       2
       2
       6
       3
       1
       1
       0
       3
       3
       2
       1
       2
       2
       3
       4
       1
       0
       0
       1
       2
       1
       1
       1
       4
       1
       1
       2
       0
       3
       1
       1
       2
       2
       1
       5
       1
       2
       2
       5
       0
       1
       2
       1
       2
       0
       2
       1
       1
       2
       2
       0
       2
       4
       3
       1
       3
       1
       2
       1
       1
       0
       0
       2
       3
       4
       0
       1
       0
       2
       2
       1
       1
       4
       1
       0
       5
       4
       1
       3
       3
       6
       3
       1
       2
       3
       2
       3
       3
       3
       0
       2
       2
       3
       2
       3
       3
       1
       2
       4
       0
       4
       1
       3
       0
       5
       3
       3
       5
       2
       6
       3
       4
       0
       3
       1
       3
       1
       3
       5
       3
       1
       2
       4
       5
       4
       3
       2
       1
       2
       4
       5
       4
       3
       4
       3
       1
       2
       4
       4
       2
       2
       2
       1
       4
       3
       4
       5
       7
       3
       2
       2
       2
       4
       1
       3
       3
       4
       4
       2
       2
       4
       1
       5
       2
       5
       3
       3
       5
       2
       4
       2
       1
       3
       4
       2
       4
       5
       7
       2
       4
       3
       4
       7
       7
       3
       2
       5
       6
       3
       5
       8
       4
       6
       7
       6
       5
       5
       6
       9
       3
       6
       5
       6
       2
       6
       4
       7
       2
       1
       3
       1
       5
       5
       4
      10
      10
       7
       5
       5
       3
      10
       3
       7
       5
       6
       6
       8
      10
       7
       3
       5
       7
       7
       9
      12
       8
      12
       7
       4
      11
       6
      14
      10
       8
      10
       8
       9
      11
       5
       8
      10
       9
       8
       7
       6
      10
      10
      12
      12
       7
      10
      11
      10
       8
      15
       9
       8
      11
      13
      13
       9
      13
      15
       7
       9
      14
      12
      14
      20
      13
      15
      12
      13
      13
      15
      11
      12
      16
      17
      19
      27
       9
      22
      17
      20
      16
      23
      31
      23
      11
      27
      24
      27
      21
      28
      21
      31
      20
      13
      18
      26
      25
      31
      23
      27
      26
      29
      29
      36
      34
      28
      35
      40
      39
      29
      41
      39
      33
      33
      35
      39
      40
      41
      49
      40
      44
      38
      55
      52
      47
      45
      47
      52
      41
      73
      60
      44
      65
      81
      65
      60
      61
      74
      74
      85
      68
      88
      75
      87
      89
      90
      99
      90
      97
      92
      88
     102
      98
     100
     121
     104
     137
     102
     136
     132
     131
     117
     124
     134
     130
     142
     147
     157
     154
     150
     162
     155
     165
     171
     195
     191
     167
     183
     165
     175
     211
     189
     181
     196
     217
     205
     204
     214
     222
     219
     228
     257
     239
     243
     215
     243
     222
     246
     257
     256
     255
     240
     253
     304
     279
     265
     262
     267
     319
     280
     307
     306
     305
     279
     270
     283
     299
     271
     345
     274
     326
     299
     320
     315
     306
     296
     302
     309
     331
     312
     335
     318
     340
     329
     335
     330
     335
     329
     327
     329
     322
     327
     320
     310
     312
     306
     305
     329
     343
     316
     297
     305
     354
     315
     287
     289
     292
     292
     292
     275
     311
     269
     271
     289
     267
     287
     247
     266
     278
     263
     233
     273
     235
     226
     250
     201
     230
     218
     227
     256
     227
     195
     210
     206
     197
     181
     219
     201
     182
     190
     183
     190
     154
     151
     172
     145
     156
     162
     141
     151
     144
     136
     128
     141
     125
     110
     127
     116
     109
     111
      97
      93
      93
      87
      86
      95
      83
      67
      75
      74
      63
      65
      66
      65
      57
      73
      53
      60
      52
      49
      29
      60
      47
      47
      44
      48
      34
      27
      48
      29
      38
      28
      36
      28
      26
      25
      16
      22
      27
      19
      25
      22
      26
      19
      16
      17
      19
      10
      10
       8
      14
       9
      12
       8
      11
       8
       5
       4
       9
       8
       3
       6
      12
       5
       6
       3
       2
       5
       5
       5
       5
       2
       2
       1
       2
       4
       2
       5
       2
       3
       1
       2
       1
       1
       0
       1
       1
       1
       1
       1
       0
       3
       0
       0
       0
       1
       1
       0
       0
       0
       0
       1
       0
       2
       1
       1
       1
       2
       0
       0
       0
       1
       1
       0
       0
       0
       0
       0
       0
       0
       1
       0
       0
       0
       0
       0
       0
       0
       1
       0
       0
       0
       0
       0
       0
       0
       0
       0
       0
       0
       0
       0
       0
       0
       0
       0
       1
       0
       0
       0
       0
       1
       0
       0
       0
       0
       0
       0
       0
       0
       0
       0
       0
       0
       0
       0
       1
       0
       0
       0
       0
       0
       0
       0
       0
       0
       0
       0
       0
       0
       0
       0
       0
       0
       0
       0
       0
       0
       0
       0
       0
       0
       0
       0
       0
       0
       0
       0
       0
       0
       0
       0
       0
       0
       0
       0
       0
       0
       0
       0
       0
       0
       0
       0
       0
       0
       0
       0
       0
       0
       0
       0
       0
       0
       0
       0
       0
       0
       0
       0
       0
       0
       0
       0
       0
       0
       0
       0
       0
       0
       0
       0
       0
       0
       0
       0
       0
       0
       0
       0
       0
       0
       0
       0
       0
       0
       0
       0
       0
       0
       0
       0
       0
       0
       0
       0
       0
       0
       0
       0
       0
       0
       0
       0
       0
       0
       0
       0
       0
       0
       0
       0
       0
       0
       0
       0
       0
       0
       0
       0
       0
       0
       0
       0
       0
       0
       0
       0
       0
       0
       0
       0
       0
       0
       0
       0
       0
       0
       0
       0
       0
       0
       0
       0
       0
       0
       0
       0
       0
       0
       0
       0
       0
       0
       0
       0
       0
       0
       0
       0
       0
       0
       0
       0
       0
       0
       0
       0
       0
       0
       0
       0
       0
       0
       0
       0
       0
       0
       0
       0
       0
       0
       0
       0
       0
       0
       0
       0
       0
       0
       0
       0
       0
       0
       0
       0
       0
       0
       0
       0
       0
       0
       0
       0
       0
       0
       0
       0
       0
       0
       0
       0
       0
       0
       0
       0
       0
       0
       0
       0
       0
       0
       0
       0
       0
       0
       0
       0
       0
       0
       0
       0
       0
       0
       0
       0
       0
       0
       0
       0
       0
       0
       0
       0
       0
       0
       0
       0
       0
       0
       0
       0
       0
       0
       0
       0
       0
       0
       0
       0
       0
       0
       0
       0
       0
       0
       0
       0
       0
       0
       0
       0
       0
       0
       0
       0
       0
       0
       0
       0
       0
       0
       0
       0
       0
       0
       0
       0
       0
       0
       0
       0
       0
       0
       0
       0
       0
       0
       0
       0
       0
       0
       0
       0
       0
       0
       0
       0
       0
       0
       0
       0
       0
       0
       0
       0
       0
       0
       0
       0
       0
       0
       0
       0
       0
       0
       0
       0
       0
       0
       0
       0
       0
       0
       0
       0
       0
       0
       0
       1
       0
       0
       0
       0
       0
       0
       0
       0
       0
       0
       0
       0
       0
       0
       0
       0
       0
       0
       0
       0
       0
       0
       0
       0
       0
       0
       0
       0
       0
       0
       0
       0
       0
       0
       0
       0
       0
       0
       0
       0
       0
       0
       0
       0
       0
       0
       0
       0
       0
       0
       0
       0
       0
       0
       0
       0
       0
       0
       0
       0
       0
       0
       0
       0
       0
       0
       0
       0
       0
       0
       0
       0
       0
       0
       0
       0
       0
       0
       0
       0
       0
       0
       0
       0
       0
       0
       0
       0
       0
       0
       0
       0
       0
       0
       0
       0
       0
       0
       0
       0
$ROI:
1
49 1635
$PRESETS:
None
0
0
$ENER_FIT:
0.000000 3.492040
$MCA_CAL:
3
0.000000E+000 3.492040E+000 0.000000E+000 keV
$SHAPE_CAL:
3
1.303160E+002 0.000000E+000 0.000000E+000
