$SPEC_ID:
No sample description was entered.
$SPEC_REM:
DET# 2
DETDESC# JLAB-18 MCB 131
AP# Maestro Version 7.01
$DATE_MEA:
10/24/2022 16:19:57
$MEAS_TIM:
214 214
$DATA:
0 2047
       0
       0
       0
       0
       0
       0
       0
       0
       0
       0
       0
       0
       0
       0
       0
       0
       0
       0
       0
       0
       0
       0
       0
       0
       0
       0
       0
       0
       0
       0
       0
       0
       0
       0
       0
       0
       0
       0
       0
       0
       0
       0
       0
       0
       0
       0
       0
       0
       0
       0
       0
       0
       0
       0
       0
       0
       0
       0
       0
       0
       0
       0
       0
       0
       0
       0
       0
       0
       0
       0
       0
       0
       0
       0
       0
       0
       0
       0
       0
       0
       0
       0
       0
       0
       0
       0
       0
       0
       0
       0
       0
       0
       0
       0
       0
       0
       0
       0
       0
       0
       0
       0
       0
       0
       0
       0
       0
       0
       0
       0
       0
       0
       0
       0
       0
       0
       0
       0
       0
       0
       0
       0
       0
       0
       0
       0
       0
       0
       0
       0
       0
       0
       0
       0
       0
       0
       0
       0
       0
       0
       0
       0
       0
       0
       0
       0
       0
       0
       0
       0
       0
       0
       0
       0
       0
       0
       0
       0
       0
       0
       0
       0
       0
       0
       0
       0
       0
       0
       0
       0
       0
       0
       0
       0
       0
       0
       0
       0
       0
       0
       0
       0
       0
       0
       0
       0
       0
       0
       0
       0
       0
       0
       0
       1
       0
       1
       1
       0
       2
       0
       0
       2
       1
       4
       0
       0
       0
       1
       0
       0
       0
       0
       2
       2
       1
       2
       0
       0
       2
       0
       1
       0
       0
       0
       0
       3
       0
       0
       1
       0
       2
       1
       1
       2
       2
       0
       0
       3
       0
       0
       0
       0
       0
       1
       1
       0
       0
       0
       2
       1
       0
       0
       0
       1
       1
       1
       1
       0
       2
       0
       0
       1
       2
       2
       0
       0
       0
       0
       0
       0
       2
       1
       0
       0
       0
       0
       0
       1
       1
       2
       0
       1
       1
       0
       0
       2
       3
       0
       1
       0
       1
       0
       1
       0
       0
       2
       0
       0
       1
       0
       1
       1
       1
       0
       0
       0
       0
       0
       1
       2
       0
       1
       2
       0
       0
       0
       0
       0
       1
       0
       1
       1
       0
       1
       1
       2
       1
       0
       0
       0
       1
       0
       1
       0
       1
       2
       0
       6
       0
       2
       0
       2
       0
       0
       0
       1
       0
       1
       0
       0
       2
       2
       0
       0
       0
       0
       0
       2
       0
       2
       1
       2
       0
       0
       0
       0
       0
       0
       2
       1
       0
       0
       2
       0
       0
       0
       0
       2
       0
       0
       0
       2
       0
       0
       1
       1
       2
       2
       1
       1
       1
       1
       2
       3
       1
       0
       0
       4
       1
       1
       1
       3
       0
       0
       1
       1
       2
       0
       0
       0
       1
       1
       1
       0
       0
       0
       2
       1
       1
       0
       1
       1
       1
       0
       2
       2
       0
       0
       0
       0
       0
       0
       0
       0
       3
       0
       1
       0
       0
       0
       1
       0
       1
       1
       0
       0
       0
       1
       0
       0
       1
       0
       0
       0
       0
       3
       0
       0
       3
       0
       2
       1
       1
       0
       0
       2
       0
       2
       0
       0
       1
       0
       1
       0
       1
       0
       0
       1
       0
       1
       2
       0
       1
       0
       1
       0
       0
       0
       0
       0
       0
       1
       0
       1
       0
       0
       1
       1
       2
       1
       2
       0
       1
       0
       3
       2
       0
       2
       0
       3
       1
       0
       0
       1
       1
       0
       0
       1
       0
       1
       0
       0
       1
       3
       0
       0
       0
       0
       0
       0
       0
       2
       2
       0
       0
       0
       0
       0
       0
       1
       2
       0
       0
       0
       2
       1
       2
       0
       1
       1
       2
       1
       0
       0
       0
       1
       2
       1
       1
       1
       1
       0
       0
       1
       0
       1
       0
       0
       0
       0
       1
       1
       0
       0
       0
       0
       1
       0
       0
       1
       2
       0
       0
       0
       0
       0
       1
       0
       3
       2
       3
       2
       0
       0
       1
       0
       1
       0
       1
       0
       0
       1
       1
       0
       1
       1
       0
       1
       0
       0
       0
       0
       0
       0
       0
       0
       2
       0
       0
       1
       0
       3
       0
       1
       1
       1
       0
       0
       1
       0
       2
       1
       0
       0
       1
       0
       1
       0
       1
       0
       0
       0
       0
       1
       0
       1
       1
       0
       1
       4
       0
       0
       0
       0
       0
       1
       0
       0
       0
       0
       0
       1
       1
       1
       1
       0
       1
       1
       1
       1
       2
       3
       1
       0
       0
       0
       1
       1
       0
       1
       2
       0
       0
       0
       1
       1
       1
       1
       0
       0
       2
       1
       1
       1
       1
       0
       1
       0
       1
       1
       1
       3
       0
       0
       0
       0
       0
       0
       1
       1
       2
       1
       0
       0
       0
       1
       1
       0
       0
       0
       1
       1
       0
       0
       0
       0
       0
       0
       1
       0
       1
       1
       0
       0
       0
       1
       0
       2
       1
       0
       0
       1
       0
       0
       1
       1
       0
       0
       0
       1
       1
       0
       0
       2
       1
       1
       0
       1
       0
       0
       0
       1
       3
       1
       1
       0
       2
       0
       1
       0
       2
       0
       3
       1
       2
       0
       3
       0
       0
       1
       0
       0
       0
       0
       1
       0
       0
       1
       1
       1
       3
       1
       0
       0
       2
       1
       1
       0
       0
       0
       0
       0
       0
       1
       1
       0
       0
       2
       1
       1
       0
       0
       1
       1
       0
       0
       0
       0
       1
       0
       0
       0
       1
       2
       1
       1
       0
       1
       1
       1
       2
       0
       0
       0
       1
       2
       0
       0
       0
       1
       1
       1
       1
       1
       1
       0
       1
       0
       0
       0
       1
       0
       0
       0
       0
       1
       0
       0
       0
       0
       1
       0
       2
       1
       0
       0
       2
       0
       2
       2
       1
       1
       0
       2
       2
       1
       0
       0
       1
       0
       0
       0
       0
       0
       2
       0
       3
       1
       0
       2
       1
       0
       0
       2
       0
       1
       0
       0
       1
       2
       1
       2
       1
       0
       0
       0
       1
       2
       0
       0
       2
       1
       0
       0
       0
       1
       0
       0
       0
       1
       1
       3
       0
       1
       0
       0
       1
       0
       0
       0
       1
       1
       3
       3
       1
       1
       0
       0
       1
       0
       2
       1
       0
       3
       2
       0
       1
       0
       2
       0
       0
       1
       1
       1
       1
       0
       2
       1
       0
       0
       1
       0
       1
       0
       1
       0
       2
       1
       1
       0
       0
       0
       0
       2
       0
       1
       1
       2
       1
       0
       0
       0
       2
       1
       0
       2
       0
       1
       1
       2
       1
       2
       0
       0
       0
       2
       1
       1
       0
       1
       3
       4
       1
       0
       0
       0
       1
       0
       0
       1
       1
       0
       1
       1
       0
       0
       1
       0
       0
       2
       2
       0
       1
       0
       1
       0
       1
       0
       0
       0
       1
       1
       1
       1
       2
       1
       0
       0
       0
       2
       2
       0
       3
       1
       1
       0
       0
       2
       0
       1
       2
       1
       0
       0
       0
       1
       0
       1
       1
       0
       3
       0
       2
       1
       0
       2
       1
       1
       0
       0
       4
       0
       0
       0
       0
       2
       0
       0
       4
       0
       2
       0
       2
       2
       4
       3
       2
       1
       0
       3
       0
       3
       1
       1
       1
       2
       0
       1
       3
       1
       2
       3
       1
       1
       0
       2
       1
       0
       2
       1
       2
       2
       2
       0
       3
       0
       1
       1
       2
       1
       2
       1
       2
       1
       2
       2
       2
       1
       2
       2
       1
       1
       0
       1
       0
       2
       2
       1
       2
       4
       1
       2
       1
       1
       1
       0
       2
       3
       3
       1
       1
       1
       3
       2
       1
       2
       3
       1
       3
       2
       5
       2
       2
       2
       3
       4
       1
       4
       3
       3
       1
       2
       1
       0
       5
       4
       2
       2
       3
       1
       1
       2
       2
       1
       4
       2
       4
       1
       4
       0
       2
       4
       2
       1
       4
       1
       0
       1
       3
       3
       3
       3
       4
       3
       5
       3
       3
       1
       3
       2
       4
       2
       4
       3
       1
       4
       6
       2
       4
       2
       4
       7
       4
       4
       3
       3
       7
       3
       4
       4
       7
       8
       6
       6
       7
       7
       6
       4
       6
       7
       7
       3
       6
       4
       3
      10
       5
       2
       5
       7
       6
       9
       7
       4
       7
       6
       6
       6
       3
       6
       7
       3
       6
       8
       8
       7
       8
      11
       4
      11
       9
       4
       6
       7
       4
       7
      10
       9
       8
       8
       6
      12
       9
       7
       8
       9
       8
       9
      11
      10
       6
      10
      11
       8
      15
      14
      14
       9
      14
      14
       8
       9
      20
      10
      15
      18
      13
      18
      16
      15
       9
      14
      15
      15
      16
      22
      28
      22
      17
      22
      19
      20
      20
      15
      28
      16
      22
      26
      23
      13
      32
      22
      29
      35
      31
      22
      28
      33
      35
      30
      39
      38
      43
      29
      35
      43
      43
      44
      41
      45
      60
      40
      37
      39
      44
      37
      59
      53
      57
      53
      60
      49
      72
      53
      52
      59
      50
      71
      66
      67
      63
      72
      69
      79
      69
      66
      81
      78
      86
      80
      85
      73
      83
      86
      92
      82
      86
     102
     102
     121
      94
      96
     108
     126
      96
     111
     105
     135
      97
     124
     120
     110
     131
     128
     130
     107
     118
     118
     148
     127
     138
     130
     108
     128
     147
     141
     131
     134
     133
     147
     151
     142
     155
     137
     149
     147
     126
     176
     157
     135
     165
     174
     131
     166
     146
     160
     153
     128
     149
     166
     146
     142
     161
     155
     153
     145
     162
     161
     167
     184
     157
     136
     120
     154
     139
     161
     150
     173
     138
     172
     154
     138
     140
     138
     144
     139
     161
     157
     133
     148
     151
     157
     140
     142
     137
     139
     127
     136
     134
     122
     130
     132
     125
     108
     132
     126
     107
      93
     120
     126
     109
     103
     113
      92
      92
     107
      97
      95
      96
      96
      88
      83
      85
      94
      74
      81
      87
      87
      74
      82
      85
      72
      64
      62
      60
      62
      73
      68
      60
      52
      53
      55
      60
      38
      52
      50
      41
      51
      49
      49
      46
      27
      30
      39
      33
      46
      22
      25
      29
      30
      41
      29
      43
      29
      28
      27
      12
      27
      21
      14
      17
      17
      17
      25
      28
      18
      14
      20
      18
      21
      11
       8
      10
      10
       7
      12
       7
      10
       8
       8
       6
       8
      14
       2
       2
       7
       4
       6
       4
       5
       7
       6
       4
       3
       3
       5
       2
       5
       7
       1
       2
       3
       5
       1
       3
       3
       3
       2
       4
       1
       2
       2
       2
       4
       0
       5
       0
       1
       1
       4
       3
       1
       0
       3
       0
       0
       2
       1
       0
       2
       0
       1
       0
       1
       0
       0
       1
       1
       0
       0
       0
       1
       1
       0
       0
       1
       0
       0
       0
       0
       0
       0
       0
       0
       1
       0
       1
       0
       0
       0
       0
       0
       1
       0
       0
       0
       0
       0
       0
       0
       0
       0
       0
       0
       0
       0
       0
       0
       0
       0
       0
       0
       0
       0
       0
       0
       0
       0
       0
       0
       0
       0
       0
       0
       0
       0
       0
       0
       0
       0
       0
       0
       0
       0
       0
       0
       0
       0
       0
       0
       0
       0
       0
       0
       1
       0
       0
       0
       0
       0
       0
       0
       0
       0
       0
       0
       0
       0
       0
       0
       0
       0
       0
       0
       0
       0
       0
       0
       0
       0
       0
       0
       0
       0
       0
       0
       0
       0
       0
       0
       0
       0
       0
       0
       0
       0
       0
       0
       0
       0
       0
       0
       0
       0
       0
       0
       0
       0
       0
       0
       0
       0
       0
       0
       0
       0
       0
       0
       0
       0
       0
       0
       0
       0
       0
       0
       0
       0
       0
       0
       0
       0
       0
       0
       0
       0
       0
       0
       0
       0
       0
       0
       0
       0
       0
       0
       0
       0
       0
       0
       0
       0
       0
       0
       0
       0
       0
       0
       0
       0
       0
       0
       0
       0
       0
       0
       0
       0
       0
       0
       0
       0
       0
       0
       0
       0
       0
       0
       0
       0
       0
       0
       0
       0
       0
       0
       0
       0
       0
       0
       0
       0
       0
       0
       0
       0
       0
       0
       0
       0
       0
       0
       0
       0
       0
       0
       0
       0
       0
       0
       0
       0
       0
       0
       0
       0
       0
       0
       0
       0
       0
       0
       0
       0
       0
       0
       0
       0
       0
       0
       0
       0
       0
       0
       0
       0
       0
       0
       0
       0
       0
       0
       0
       0
       0
       0
       0
       0
       0
       0
       0
       0
       0
       0
       0
       0
       0
       0
       0
       0
       0
       0
       0
       0
       0
       0
       0
       0
       0
       0
       0
       0
       0
       0
       0
       0
       0
       0
       0
       0
       0
       0
       0
       0
       0
       0
       0
       0
       0
       0
       0
       0
       0
       0
       0
       0
       0
       0
       0
       0
       0
       0
       0
       0
       0
       0
       0
       0
       0
       0
       0
       0
       0
       0
       0
       0
       0
       0
       0
       0
       0
       0
       0
       0
       0
       0
       0
       0
       0
       0
       0
       0
       0
       0
       0
       0
       0
       0
       0
       0
       0
       0
       0
       0
       0
       0
       0
       0
       0
       0
       0
       0
       0
       0
       0
       0
       0
       0
       0
       0
       0
       0
       0
       0
       0
       0
       0
       0
       0
       0
       0
       0
       0
       0
       0
       0
       0
       0
       0
       0
       0
       0
       0
       0
       0
       0
       0
       0
       0
       0
       0
       0
       0
       0
       0
       0
       0
       0
$ROI:
1
91 2044
$PRESETS:
None
0
0
$ENER_FIT:
0.000000 3.492040
$MCA_CAL:
3
0.000000E+000 3.492040E+000 0.000000E+000 keV
$SHAPE_CAL:
3
1.303160E+002 0.000000E+000 0.000000E+000
