$SPEC_ID:
No sample description was entered.
$SPEC_REM:
DET# 2
DETDESC# JLAB-18 MCB 131
AP# Maestro Version 7.01
$DATE_MEA:
10/24/2022 15:36:37
$MEAS_TIM:
338 338
$DATA:
0 2047
       0
       0
       0
       0
       0
       0
       0
       0
       0
       0
       0
       0
       0
       0
       0
       0
       0
       0
       0
       0
       0
       0
       0
       0
       0
       0
       0
       0
       0
       0
       0
       0
       0
       0
       0
       0
       0
       0
       0
       0
       0
       0
       0
       0
       0
       0
       0
       0
       0
       0
       0
       0
       0
       0
       0
       0
       0
       0
       0
       0
       0
       0
       0
       0
       0
       0
       0
       0
       0
       0
       0
       0
       0
       0
       0
       0
       0
       0
       0
       0
       0
       0
       0
       0
       0
       0
       0
       0
       0
       0
       0
       0
       0
       0
       0
       0
       0
       0
       0
       0
       0
       0
       0
       0
       0
       0
       0
       0
       0
       0
       0
       0
       0
       0
       0
       0
       0
       0
       0
       0
       0
       0
       0
       0
       0
       0
       0
       0
       0
       0
       0
       0
       0
       0
       0
       0
       0
       0
       0
       0
       0
       0
       0
       0
       0
       0
       0
       0
       0
       0
       0
       0
       0
       0
       0
       0
       0
       0
       0
       0
       0
       0
       0
       0
       0
       0
       0
       0
       0
       0
       0
       0
       0
       0
       0
       0
       0
       0
       0
       0
       0
       0
       0
       0
       0
       0
       0
       0
       0
       0
       0
       0
       0
       0
       0
       0
       1
       0
       1
       0
       0
       0
       0
       0
       1
       0
       0
       0
       0
       1
       0
       1
       0
       0
       0
       0
       0
       1
       0
       0
       1
       0
       1
       0
       1
       0
       1
       1
       0
       1
       0
       0
       0
       0
       1
       0
       3
       1
       2
       2
       0
       2
       2
       1
       0
       0
       0
       0
       0
       1
       1
       1
       0
       0
       1
       1
       0
       0
       0
       0
       0
       0
       1
       0
       0
       0
       0
       0
       1
       0
       0
       0
       1
       0
       2
       1
       1
       2
       0
       1
       1
       0
       1
       0
       1
       1
       0
       0
       1
       0
       0
       0
       0
       1
       3
       0
       0
       0
       1
       1
       3
       1
       0
       2
       1
       1
       2
       0
       1
       0
       2
       0
       1
       0
       0
       1
       0
       0
       1
       0
       2
       0
       0
       0
       2
       1
       0
       0
       0
       2
       0
       0
       0
       0
       0
       0
       2
       0
       0
       1
       0
       3
       0
       0
       1
       0
       0
       2
       1
       0
       1
       0
       1
       1
       0
       1
       0
       0
       1
       0
       0
       1
       0
       1
       0
       0
       1
       1
       1
       2
       0
       0
       0
       0
       0
       0
       0
       1
       1
       0
       0
       0
       0
       1
       1
       0
       2
       0
       1
       0
       1
       0
       1
       0
       1
       1
       0
       0
       0
       0
       0
       3
       0
       1
       0
       2
       0
       1
       3
       0
       0
       1
       2
       0
       0
       0
       1
       0
       0
       0
       1
       1
       1
       0
       1
       2
       1
       0
       0
       1
       2
       1
       0
       1
       0
       1
       1
       0
       0
       1
       1
       1
       0
       0
       0
       0
       0
       1
       1
       1
       2
       2
       0
       0
       0
       2
       0
       0
       0
       0
       0
       0
       1
       0
       1
       0
       1
       0
       0
       1
       2
       0
       0
       4
       0
       2
       0
       0
       0
       0
       0
       0
       3
       1
       0
       1
       1
       0
       0
       0
       0
       0
       0
       0
       0
       0
       0
       0
       4
       0
       1
       0
       0
       1
       1
       0
       0
       1
       1
       0
       1
       0
       0
       1
       1
       1
       1
       0
       1
       3
       0
       0
       1
       0
       0
       0
       1
       1
       1
       1
       2
       0
       2
       1
       3
       0
       1
       0
       0
       1
       1
       0
       0
       0
       0
       0
       0
       0
       0
       2
       0
       0
       0
       2
       1
       1
       1
       0
       1
       0
       0
       2
       0
       0
       1
       0
       0
       0
       1
       0
       0
       2
       0
       0
       1
       0
       1
       0
       1
       0
       0
       0
       0
       0
       0
       1
       1
       1
       0
       0
       0
       2
       0
       2
       2
       0
       1
       0
       1
       0
       0
       0
       1
       0
       0
       0
       0
       0
       1
       3
       0
       0
       1
       1
       0
       0
       0
       1
       0
       0
       0
       0
       1
       2
       2
       0
       1
       0
       1
       0
       1
       2
       0
       0
       1
       1
       0
       0
       0
       0
       0
       0
       0
       3
       2
       0
       1
       0
       1
       0
       0
       1
       1
       1
       1
       0
       0
       0
       1
       1
       2
       0
       0
       0
       1
       0
       1
       1
       0
       0
       0
       0
       1
       0
       1
       2
       1
       0
       1
       1
       0
       1
       4
       0
       2
       0
       1
       0
       1
       0
       2
       1
       0
       0
       0
       0
       1
       0
       0
       0
       2
       2
       0
       0
       0
       1
       0
       0
       0
       0
       1
       1
       0
       0
       0
       0
       1
       2
       2
       1
       0
       0
       2
       0
       1
       3
       2
       2
       0
       0
       0
       0
       0
       2
       0
       0
       0
       1
       1
       2
       5
       2
       2
       1
       0
       2
       0
       2
       0
       0
       1
       0
       1
       0
       0
       0
       2
       0
       0
       1
       2
       1
       1
       1
       2
       2
       1
       3
       0
       0
       0
       2
       0
       2
       1
       1
       4
       0
       3
       2
       1
       1
       0
       2
       1
       6
       0
       1
       1
       3
       2
       1
       2
       1
       0
       2
       1
       3
       4
       1
       2
       1
       1
       2
       5
       3
       0
       0
       4
       5
       1
       2
       1
       4
       3
       3
       1
       3
       4
       2
       4
       3
       1
       2
       6
       1
       5
       3
       0
       7
       1
       1
       4
       2
       3
       3
       6
       3
       4
       3
       5
       3
       4
       6
       1
       2
       4
       5
       7
       9
       6
       6
       6
       1
       9
       6
       5
       3
       5
       5
       8
       7
       7
       3
       7
       2
       6
       2
       7
       5
       5
       5
       7
       4
       5
       6
       7
       7
       5
       5
       5
       8
       9
      11
       4
      13
      11
      12
      13
      12
      11
       7
      16
       8
      16
      14
      18
      11
      17
      20
      14
      19
      12
      22
      11
      12
      16
      25
      16
      20
      23
      19
      18
      23
      38
      15
      31
      30
      20
      34
      30
      15
      26
      34
      31
      34
      32
      34
      40
      39
      32
      33
      32
      36
      45
      45
      45
      56
      53
      46
      43
      46
      47
      52
      36
      56
      40
      52
      66
      55
      55
      75
      54
      57
      67
      65
      52
      82
      59
      78
      82
      66
      62
      68
      85
      75
      71
      88
      75
      81
      84
      87
      92
     107
      86
      90
     102
      90
      87
      87
      89
      97
      94
      96
     102
      86
     101
     129
     124
     103
     108
     101
     112
     122
     121
      98
     127
     119
     121
     132
     109
     113
     126
     113
     113
     110
     101
     128
     112
     114
     100
     111
     124
     119
     114
     132
     104
     123
     116
     133
      97
     129
      97
     110
     103
     100
     102
     122
     117
     110
     112
      99
      88
      91
     107
      94
      95
     101
     101
      86
      91
      90
      81
      88
      90
      99
      90
      78
      86
      68
      65
      84
      83
      71
      78
      62
      61
      82
      71
      71
      63
      61
      74
      64
      56
      47
      52
      47
      62
      51
      54
      33
      46
      37
      50
      53
      39
      53
      29
      34
      25
      39
      31
      19
      44
      37
      28
      41
      26
      30
      14
      22
      25
      29
      24
      22
      34
      28
      17
      25
      19
      13
      14
      12
      11
      19
      15
      10
      12
       8
      12
       5
       5
       6
       7
      10
      11
       6
       6
       5
       7
       9
       5
       4
       5
       5
       4
       5
       8
       5
       3
       2
       2
       3
       2
       8
       1
       4
       2
       3
       4
       2
       3
       1
       3
       1
       2
       2
       0
       4
       0
       5
       1
       3
       1
       3
       0
       0
       0
       0
       1
       2
       1
       2
       0
       1
       0
       0
       0
       0
       0
       0
       0
       0
       0
       0
       0
       0
       0
       0
       0
       0
       0
       0
       0
       1
       0
       0
       0
       0
       0
       0
       0
       0
       0
       0
       0
       0
       0
       0
       0
       0
       0
       0
       0
       0
       0
       0
       0
       0
       0
       0
       0
       0
       0
       0
       0
       0
       0
       0
       1
       0
       0
       0
       0
       0
       0
       0
       0
       0
       0
       0
       0
       0
       0
       0
       0
       0
       0
       0
       0
       0
       0
       0
       0
       0
       0
       0
       0
       0
       0
       0
       0
       0
       0
       0
       0
       0
       0
       0
       0
       0
       0
       0
       0
       0
       0
       0
       0
       0
       0
       0
       0
       0
       0
       0
       0
       0
       0
       0
       0
       0
       0
       0
       0
       0
       0
       0
       0
       0
       0
       0
       0
       0
       0
       0
       0
       0
       0
       0
       0
       0
       0
       0
       0
       0
       0
       0
       0
       0
       0
       0
       0
       0
       0
       0
       0
       0
       0
       0
       0
       0
       0
       0
       0
       0
       0
       0
       0
       0
       0
       0
       0
       0
       0
       0
       0
       0
       0
       0
       0
       0
       0
       0
       0
       0
       0
       0
       0
       0
       0
       0
       0
       0
       0
       0
       0
       0
       0
       0
       0
       0
       0
       0
       0
       0
       0
       0
       0
       0
       0
       0
       0
       0
       0
       0
       0
       0
       0
       0
       0
       0
       0
       0
       0
       0
       0
       0
       0
       0
       0
       0
       0
       0
       0
       0
       0
       0
       0
       0
       0
       0
       0
       0
       0
       0
       0
       0
       0
       0
       0
       0
       0
       0
       0
       0
       0
       0
       0
       0
       0
       0
       0
       0
       0
       0
       0
       0
       0
       0
       0
       0
       0
       0
       0
       0
       0
       0
       0
       0
       0
       0
       0
       0
       0
       0
       0
       0
       0
       0
       0
       0
       0
       0
       0
       0
       0
       0
       0
       0
       0
       0
       0
       0
       0
       0
       0
       0
       0
       0
       0
       0
       0
       0
       0
       0
       0
       0
       0
       0
       0
       0
       0
       0
       0
       0
       0
       0
       0
       0
       0
       0
       0
       0
       0
       0
       0
       0
       0
       0
       0
       0
       0
       0
       0
       0
       0
       0
       0
       0
       0
       0
       0
       0
       0
       0
       0
       0
       0
       0
       0
       0
       0
       0
       0
       0
       0
       0
       0
       0
       0
       0
       0
       0
       0
       0
       0
       0
       0
       0
       0
       0
       0
       0
       0
       0
       0
       0
       0
       0
       0
       0
       0
       0
       0
       0
       0
       0
       0
       0
       0
       0
       0
       0
       0
       0
       0
       0
       0
       0
       0
       0
       0
       0
       0
       0
       0
       0
       0
       0
       0
       0
       0
       0
       0
       0
       0
       0
       0
       0
       0
       0
       0
       0
       0
       0
       0
       0
       0
       0
       0
       0
       0
       0
       0
       0
       0
       0
       0
       0
       0
       0
       0
       0
       0
       0
       0
       0
       0
       0
       0
       0
       0
       0
       0
       0
       0
       0
       0
       0
       0
       0
       0
       0
       0
       0
       0
       0
       0
       0
       0
       0
       0
       0
       0
       0
       0
       0
       0
       0
       0
       0
       0
       0
       0
       0
       0
       0
       0
       0
       0
       0
       0
       0
       0
       0
       0
       0
       0
       0
       0
       0
       0
       0
       0
       0
       0
       0
       0
       0
       0
       0
       0
       0
       0
       0
       0
       0
       0
       0
       0
       0
       0
       0
       0
       0
       0
       0
       0
       0
       0
       0
       0
       0
       0
       0
       0
       0
       0
       0
       0
       0
       0
       0
       0
       0
       0
       0
       0
       0
       0
       0
       0
       0
       0
       0
       0
       0
       0
       0
       0
       0
       0
       0
       0
       0
       0
       0
       0
       0
       0
       0
       0
       0
       0
       0
       0
       0
       0
       0
       0
       0
       0
       0
       0
       0
       0
       0
       0
       0
       0
       0
       0
       0
       0
       0
       0
       0
       0
       0
       0
       0
       0
       0
       0
       0
       0
       0
       0
       0
       0
       0
       0
       0
       0
       0
       0
       0
       0
       0
       0
       0
       0
       0
       0
       0
       0
       0
       0
       0
       0
       0
       0
       0
       0
       0
       0
       0
       0
       0
       0
       0
       0
       0
       0
       0
       0
       0
       0
       0
       0
       0
       0
       0
       0
       0
       0
       0
       0
       0
       0
       0
       0
       0
       0
       0
       0
       0
       0
       0
       0
       0
       0
       0
       0
       0
       0
       0
       0
       0
       0
       0
       0
       0
       0
       0
       0
       0
       0
       0
       0
       0
       0
       0
       0
       0
       0
       0
       0
       0
       0
       0
       0
       0
       0
       0
       0
       0
       0
       0
       0
       0
       0
       0
       0
       0
       0
       0
       0
       0
       0
       0
       0
       0
       0
       0
       0
       0
       0
       0
       0
       0
       0
       0
       0
       0
       0
       0
       0
       0
       0
       0
       0
       0
       0
       0
       0
       0
       0
       0
       0
       0
       0
       0
       0
       0
       0
       0
       0
       0
       0
       0
       0
       0
       0
       0
       0
       0
       0
       0
       0
       0
       0
       0
       0
       0
       0
       0
       0
       0
       0
       0
       0
       0
       0
       0
       0
       0
       0
       0
       0
       0
       0
       0
       0
       0
       0
       0
       0
       0
       0
       0
       0
       0
       0
       0
       0
       0
       0
       0
       0
       0
       0
       0
       0
       0
       0
       0
       0
       0
       0
       0
       0
       0
       0
       0
       0
       0
       0
       0
       0
       0
       0
       0
       0
       0
       0
       0
       0
       0
       0
       0
       0
       0
       0
       0
       0
       0
       0
       0
       0
       0
       0
       0
       0
       0
       0
       0
       0
       0
       0
       0
       0
       0
       0
       0
       0
       0
       0
       0
       0
       0
       0
       0
       0
       0
       0
       0
$ROI:
1
81 1741
$PRESETS:
None
0
0
$ENER_FIT:
0.000000 3.492040
$MCA_CAL:
3
0.000000E+000 3.492040E+000 0.000000E+000 keV
$SHAPE_CAL:
3
1.303160E+002 0.000000E+000 0.000000E+000
