$SPEC_ID:
No sample description was entered.
$SPEC_REM:
DET# 2
DETDESC# JLAB-18 MCB 131
AP# Maestro Version 7.01
$DATE_MEA:
11/03/2022 11:14:05
$MEAS_TIM:
376 378
$DATA:
0 2047
       0
       0
       0
       0
       0
       0
       0
       0
       0
       0
       0
       0
       0
       0
       0
       0
       0
       0
       0
       0
       0
       0
       0
       0
       0
       0
       0
       0
       0
       0
       0
       0
       0
       0
       0
       0
       0
       0
       0
       0
       0
       0
       0
       0
       0
       0
       0
       0
       0
       0
       0
       0
       0
       0
       0
       0
       0
       0
       0
       0
       0
       0
       0
       0
       0
       0
       0
       0
       0
       0
       0
       0
       0
       0
       0
       0
       0
       0
       0
       0
       0
       0
       0
       0
       0
       0
       0
       0
       0
       0
       0
       0
       0
       0
       0
       0
       0
       0
       0
       0
       0
       0
       0
       0
       0
       0
       0
       0
       2
       0
       4
       7
       5
      10
       3
       4
       3
       4
       3
       3
       1
       2
       1
       4
       4
       3
       4
       2
       1
       1
       3
       4
       1
       1
       1
       3
       3
       4
       3
       0
       1
       0
       0
       0
       3
       1
       1
       1
       1
       2
       4
       3
       3
       2
       0
       2
       1
       4
       0
       0
       2
       0
       1
       5
       0
       0
       2
       1
       1
       3
       1
       2
       1
       2
       1
       2
       2
       1
       1
       1
       0
       1
       0
       1
       1
       1
       1
       1
       0
       0
       2
       2
       2
       0
       0
       2
       1
       1
       2
       2
       1
       2
       0
       0
       2
       2
       1
       1
       1
       0
       4
       1
       0
       1
       2
       2
       0
       0
       0
       1
       3
       1
       0
       1
       0
       1
       1
       2
       3
       1
       1
       1
       1
       0
       0
       2
       2
       0
       3
       2
       1
       1
       0
       0
       2
       1
       1
       2
       1
       0
       1
       0
       1
       2
       1
       1
       3
       0
       2
       2
       1
       1
       0
       0
       0
       0
       2
       1
       2
       1
       2
       1
       1
       1
       0
       1
       3
       1
       0
       1
       0
       1
       3
       2
       0
       1
       0
       0
       1
       1
       1
       1
       1
       2
       0
       0
       0
       0
       1
       1
       1
       2
       1
       1
       2
       0
       2
       1
       1
       0
       2
       0
       1
       0
       1
       3
       2
       4
       0
       2
       0
       0
       2
       0
       0
       2
       1
       2
       0
       1
       1
       0
       0
       2
       0
       1
       0
       0
       1
       2
       3
       0
       2
       3
       1
       0
       2
       1
       0
       1
       2
       1
       1
       3
       0
       1
       1
       1
       0
       2
       0
       1
       0
       0
       1
       2
       1
       0
       1
       1
       0
       1
       3
       4
       2
       1
       0
       0
       1
       2
       0
       0
       0
       0
       0
       1
       1
       1
       0
       0
       2
       0
       0
       2
       1
       1
       0
       1
       0
       2
       0
       1
       1
       2
       0
       2
       1
       0
       0
       3
       1
       0
       1
       0
       0
       1
       3
       2
       1
       0
       1
       3
       1
       0
       2
       1
       0
       2
       1
       1
       2
       0
       0
       0
       1
       1
       1
       2
       0
       2
       3
       1
       2
       2
       1
       0
       1
       1
       2
       2
       1
       0
       1
       0
       1
       0
       0
       0
       1
       0
       0
       1
       0
       0
       0
       2
       0
       0
       0
       3
       0
       2
       0
       1
       1
       3
       1
       2
       0
       0
       1
       2
       0
       2
       1
       0
       0
       1
       3
       0
       1
       1
       1
       0
       1
       1
       3
       1
       1
       0
       2
       2
       0
       2
       1
       1
       0
       1
       3
       1
       1
       0
       1
       0
       3
       2
       0
       1
       0
       0
       1
       0
       1
       2
       1
       0
       1
       1
       1
       2
       1
       0
       2
       1
       0
       2
       4
       2
       0
       2
       4
       0
       3
       0
       1
       1
       1
       0
       0
       0
       2
       2
       0
       0
       1
       2
       1
       1
       0
       1
       0
       2
       1
       0
       1
       0
       0
       0
       0
       1
       0
       1
       0
       1
       1
       0
       2
       1
       3
       0
       2
       2
       1
       0
       4
       0
       0
       0
       0
       0
       0
       0
       2
       0
       0
       3
       1
       1
       1
       2
       1
       1
       0
       1
       1
       0
       0
       1
       0
       1
       0
       1
       1
       1
       0
       1
       3
       1
       0
       1
       2
       3
       3
       3
       2
       0
       0
       1
       2
       2
       1
       1
       3
       0
       0
       1
       2
       2
       1
       0
       1
       3
       1
       0
       0
       0
       1
       1
       2
       0
       1
       0
       0
       2
       2
       1
       1
       0
       4
       2
       0
       1
       1
       0
       2
       0
       1
       0
       1
       3
       0
       2
       2
       1
       1
       0
       0
       0
       0
       1
       1
       1
       2
       0
       1
       1
       0
       1
       0
       0
       1
       1
       0
       0
       2
       1
       1
       3
       2
       1
       0
       1
       2
       0
       1
       1
       1
       3
       3
       2
       1
       2
       1
       0
       2
       1
       2
       1
       1
       2
       0
       4
       2
       0
       2
       1
       3
       2
       3
       1
       1
       4
       0
       1
       1
       0
       1
       1
       0
       0
       3
       3
       1
       1
       0
       0
       2
       1
       2
       0
       0
       2
       3
       4
       1
       1
       2
       1
       0
       0
       2
       1
       0
       1
       1
       0
       0
       1
       2
       2
       3
       2
       0
       0
       1
       1
       0
       1
       1
       1
       1
       1
       1
       3
       2
       2
       1
       0
       1
       2
       2
       1
       1
       2
       2
       2
       0
       1
       3
       1
       2
       1
       2
       0
       1
       0
       0
       2
       4
       1
       0
       0
       1
       0
       0
       1
       4
       3
       5
       2
       2
       1
       1
       2
       2
       4
       1
       2
       4
       0
       1
       0
       1
       1
       1
       3
       0
       2
       2
       4
       2
       1
       1
       2
       4
       3
       2
       3
       1
       1
       0
       1
       1
       2
       1
       3
       2
       1
       3
       1
       3
       1
       4
       1
       1
       2
       0
       2
       2
       2
       1
       0
       1
       3
       2
       3
       0
       2
       2
       1
       1
       4
       2
       3
       2
       1
       1
       2
       2
       5
       2
       2
       3
       2
       0
       4
       1
       3
       0
       1
       2
       3
       2
       0
       4
       1
       1
       4
       2
       2
       1
       2
       2
       1
       2
       3
       2
       1
       2
       2
       1
       2
       3
       1
       0
       2
       1
       0
       0
       0
       1
       2
       2
       3
       1
       3
       3
       1
       1
       2
       0
       1
       2
       2
       3
       1
       0
       7
       1
       1
       3
       2
       2
       4
       0
       2
       3
       1
       1
       2
       1
       0
       1
       2
       0
       3
       1
       0
       2
       3
       3
       1
       4
       0
       0
       0
       5
       2
       2
       1
       2
       2
       1
       4
       4
       3
       2
       1
       7
       3
       4
       1
       3
       3
       3
       1
       3
       4
       4
       2
       3
       0
       2
       2
       5
       2
       3
       4
       7
       3
       2
       2
       4
       1
       1
       2
       5
       2
       3
       2
       1
       2
       2
       3
       2
       3
       3
       5
       3
       3
       1
       4
       3
       2
       5
       4
       2
       2
       1
       2
       2
       2
       2
       6
       1
       0
       2
       3
       2
       6
       4
       3
       1
       4
       3
       0
       5
       3
       4
       5
       5
       3
       6
       4
       5
       1
       4
       4
       3
       6
       3
       4
       7
       5
       6
       5
       2
       3
       3
       4
       4
       7
       6
       8
       4
       4
       2
       2
       8
       2
       4
       7
       3
       4
       5
       1
       3
       8
       2
       4
       2
       5
       8
       3
       4
       6
       6
       6
       5
       3
       7
       7
       4
       3
       6
       5
       5
       6
       4
      10
       4
       3
       6
       5
       1
       5
       6
       7
       6
      10
       6
       9
       3
       7
      12
       6
      15
       7
       7
      11
       6
       8
      12
       5
       8
       5
       4
       5
       9
      12
       7
      10
      11
       4
       7
       5
       6
       6
      12
      11
      12
       7
      13
      10
       8
      12
       7
       7
      14
      12
      12
      18
       5
      10
      11
      14
      14
       9
      16
      12
       7
      20
      12
      13
      15
      10
      11
      19
      15
      18
      14
      24
      15
      23
      16
      22
      25
      13
      17
      19
      13
      15
      23
      30
      18
      16
      24
      15
      23
      14
      17
      27
      19
      27
      24
      24
      29
      18
      28
      20
      23
      24
      27
      25
      25
      22
      29
      30
      26
      29
      36
      34
      36
      30
      39
      34
      48
      30
      38
      41
      43
      43
      49
      52
      49
      36
      41
      34
      52
      53
      45
      51
      47
      54
      67
      62
      72
      66
      49
      55
      67
      70
      64
      65
      56
      66
      84
      75
      94
      92
      97
      76
      79
      90
     104
      92
      81
     114
     116
     109
      92
     123
     101
     109
     124
     114
     134
     123
     118
     120
     151
     151
     148
     149
     151
     161
     142
     159
     138
     171
     196
     203
     194
     167
     195
     183
     173
     198
     200
     202
     216
     191
     204
     210
     238
     221
     233
     233
     237
     245
     276
     252
     248
     268
     265
     262
     280
     312
     290
     298
     294
     285
     283
     297
     301
     308
     302
     313
     320
     307
     314
     321
     307
     321
     367
     334
     337
     358
     336
     326
     324
     367
     338
     361
     394
     354
     346
     376
     380
     365
     351
     353
     346
     348
     376
     354
     357
     382
     342
     373
     358
     369
     388
     308
     346
     334
     344
     347
     334
     353
     356
     345
     371
     340
     324
     354
     320
     336
     299
     319
     314
     337
     317
     329
     315
     327
     291
     290
     311
     320
     308
     293
     289
     270
     265
     264
     273
     275
     232
     254
     246
     261
     244
     235
     207
     201
     211
     210
     198
     215
     174
     213
     180
     217
     153
     169
     153
     148
     156
     183
     150
     159
     151
     140
     151
     141
     139
     129
     124
     122
     127
     114
     127
     111
      96
      98
     108
      87
      83
      96
      90
      72
      82
      78
      61
      67
      60
      60
      61
      61
      53
      61
      51
      55
      51
      46
      44
      36
      38
      36
      33
      36
      42
      40
      33
      23
      33
      26
      22
      22
      24
      19
      20
      16
      15
      17
      20
      13
      12
      13
      16
      16
      10
       8
       3
      11
       8
      12
      11
       3
       8
      10
       9
       7
       5
       3
       2
       2
       3
       5
       6
       3
       3
       4
       4
       4
       3
       4
       1
       1
       5
       3
       3
       5
       0
       2
       1
       2
       3
       1
       0
       1
       1
       0
       1
       0
       1
       0
       0
       0
       0
       0
       0
       0
       0
       1
       0
       0
       0
       0
       1
       0
       0
       0
       0
       0
       0
       0
       0
       1
       0
       0
       0
       0
       0
       0
       0
       0
       0
       0
       0
       0
       0
       0
       0
       0
       0
       0
       0
       0
       0
       0
       0
       0
       0
       0
       0
       0
       0
       0
       0
       0
       0
       0
       0
       0
       0
       0
       0
       0
       0
       0
       0
       0
       0
       0
       0
       0
       0
       0
       0
       0
       0
       0
       0
       0
       0
       0
       0
       0
       0
       0
       0
       1
       0
       0
       0
       1
       0
       0
       0
       0
       0
       0
       0
       0
       0
       0
       0
       0
       0
       0
       0
       0
       0
       0
       0
       0
       0
       0
       0
       0
       0
       0
       0
       0
       0
       0
       0
       0
       0
       0
       0
       0
       0
       0
       0
       0
       0
       0
       0
       0
       0
       0
       0
       0
       0
       0
       0
       0
       0
       0
       0
       0
       0
       0
       0
       0
       0
       0
       0
       0
       0
       0
       0
       0
       0
       0
       0
       0
       0
       0
       0
       0
       0
       0
       0
       0
       0
       0
       0
       0
       0
       0
       0
       0
       0
       0
       0
       0
       0
       0
       0
       0
       0
       0
       0
       0
       0
       0
       0
       0
       0
       0
       0
       0
       0
       0
       0
       0
       0
       0
       0
       0
       0
       0
       0
       0
       0
       0
       0
       0
       0
       0
       0
       0
       0
       0
       0
       1
       0
       0
       0
       0
       0
       0
       0
       0
       0
       0
       0
       0
       0
       0
       0
       0
       0
       0
       0
       0
       0
       0
       0
       0
       0
       0
       0
       0
       0
       0
       0
       0
       0
       0
       0
       0
       0
       0
       0
       0
       0
       0
       0
       0
       0
       0
       0
       0
       0
       0
       0
       0
       0
       0
       0
       0
       0
       0
       0
       0
       0
       0
       0
       0
       0
       0
       0
       0
       0
       0
       0
       0
       0
       0
       0
       0
       0
       0
       0
       0
       0
       0
       0
       0
       0
       0
       0
       0
       0
       0
       0
       0
       0
       0
       0
       0
       0
       0
       0
       0
       0
       0
       0
       0
       0
       0
       0
       0
       0
       0
       0
       0
       0
       0
       0
       0
       0
       0
       0
       0
       0
       0
       0
       0
       0
       0
       0
       0
       0
       0
       0
       0
       0
       0
       0
       0
       0
       0
       0
       0
       0
       0
       0
       0
       0
       0
       0
       0
       0
       0
       0
       0
       0
       0
       0
       0
       0
       0
       0
       0
       0
       0
       0
       0
       0
       0
       0
       0
       0
       0
       0
       0
       0
       0
       0
       0
       0
       0
       0
       0
       0
       0
       0
       0
       0
       0
       0
       0
       0
       0
       0
       0
       0
       0
       0
       0
       0
       0
       0
       0
       0
       0
       0
       0
       0
       0
       0
       0
       0
       0
       0
       0
       0
       0
       0
       0
       0
       0
       0
       0
       0
       0
       0
       0
       0
       0
       0
       0
       0
       0
       0
       0
       0
       0
       0
       0
       0
       0
       0
       0
       0
       0
       0
       0
       0
       0
       0
       0
       0
       0
       0
       0
       0
       0
       0
       0
       0
       0
       0
       0
       0
       0
       0
       0
       0
       0
       0
       0
       0
       0
       0
       0
       0
       0
       0
       0
       0
       0
       0
       0
       0
       0
       0
       0
       0
       0
       0
       0
$ROI:
1
49 1635
$PRESETS:
None
0
0
$ENER_FIT:
0.000000 3.492040
$MCA_CAL:
3
0.000000E+000 3.492040E+000 0.000000E+000 keV
$SHAPE_CAL:
3
1.303160E+002 0.000000E+000 0.000000E+000
