$SPEC_ID:
No sample description was entered.
$SPEC_REM:
DET# 2
DETDESC# JLAB-18 MCB 131
AP# Maestro Version 7.01
$DATE_MEA:
10/24/2022 14:54:47
$MEAS_TIM:
303 303
$DATA:
0 2047
       0
       0
       0
       0
       0
       0
       0
       0
       0
       0
       0
       0
       0
       0
       0
       0
       0
       0
       0
       0
       0
       0
       0
       0
       0
       0
       0
       0
       0
       0
       0
       0
       0
       0
       0
       0
       0
       0
       0
       0
       0
       0
       0
       0
       0
       0
       0
       0
       0
       0
       0
       0
       0
       0
       0
       0
       0
       0
       0
       0
       0
       0
       0
       0
       0
       0
       0
       0
       0
       0
       0
       0
       0
       0
       0
       0
       0
       0
       0
       0
       0
       0
       0
       0
       0
       0
       0
       0
       0
       0
       0
       0
       0
       0
       0
       0
       0
       0
       0
       0
       0
       0
       0
       0
       0
       0
       0
       0
       0
       0
       0
       0
       0
       0
       0
       0
       0
       0
       0
       0
       0
       0
       0
       0
       0
       0
       0
       0
       0
       0
       0
       0
       0
       0
       0
       0
       0
       0
       0
       0
       0
       0
       0
       0
       0
       0
       0
       0
       0
       0
       0
       0
       0
       0
       0
       0
       0
       0
       0
       0
       0
       0
       0
       0
       0
       0
       0
       0
       0
       0
       0
       0
       0
       0
       0
       0
       0
       0
       0
       0
       0
       0
       0
       0
       0
       0
       0
       0
       0
       0
       0
       0
       0
       0
       0
       0
       0
       0
       1
       0
       1
       1
       0
       0
       0
       0
       0
       0
       2
       0
       0
       0
       0
       0
       0
       1
       0
       0
       0
       0
       3
       0
       0
       1
       1
       1
       0
       0
       0
       0
       0
       0
       0
       0
       0
       0
       0
       0
       0
       2
       0
       1
       0
       0
       0
       0
       0
       0
       0
       0
       0
       0
       0
       1
       0
       1
       1
       0
       0
       0
       0
       1
       0
       0
       0
       1
       0
       0
       1
       0
       0
       0
       1
       1
       0
       0
       0
       0
       1
       0
       0
       0
       0
       0
       0
       0
       0
       0
       0
       0
       0
       0
       0
       0
       0
       0
       0
       1
       0
       0
       0
       0
       1
       0
       1
       1
       0
       0
       2
       0
       1
       0
       0
       0
       2
       0
       0
       0
       0
       0
       0
       2
       0
       0
       0
       0
       1
       1
       1
       0
       0
       2
       0
       1
       0
       2
       1
       0
       1
       1
       0
       0
       1
       0
       0
       0
       0
       0
       0
       1
       1
       0
       0
       0
       0
       0
       0
       0
       0
       0
       1
       0
       0
       1
       0
       0
       0
       0
       1
       0
       0
       1
       1
       0
       0
       0
       1
       1
       1
       1
       1
       0
       1
       0
       0
       1
       1
       1
       0
       0
       0
       0
       1
       2
       0
       1
       0
       0
       1
       1
       1
       1
       0
       1
       1
       1
       0
       0
       0
       1
       1
       0
       0
       0
       0
       0
       0
       0
       0
       0
       0
       0
       0
       0
       0
       0
       0
       1
       0
       0
       0
       0
       2
       0
       0
       0
       0
       1
       0
       0
       0
       1
       0
       0
       1
       0
       3
       0
       0
       0
       0
       0
       0
       0
       0
       1
       0
       1
       0
       1
       1
       0
       0
       0
       0
       0
       2
       1
       1
       0
       0
       1
       0
       0
       2
       0
       0
       4
       1
       2
       1
       0
       1
       0
       1
       2
       0
       0
       3
       1
       0
       0
       0
       1
       0
       0
       1
       0
       0
       0
       0
       0
       1
       1
       1
       1
       0
       2
       0
       1
       0
       1
       1
       1
       0
       1
       0
       1
       0
       2
       2
       1
       1
       1
       1
       1
       1
       0
       0
       1
       0
       1
       0
       1
       0
       1
       1
       1
       1
       1
       0
       0
       2
       2
       0
       1
       0
       1
       0
       0
       1
       0
       0
       0
       1
       1
       0
       0
       1
       2
       2
       1
       1
       0
       2
       3
       1
       1
       0
       0
       2
       1
       3
       0
       1
       2
       1
       3
       3
       1
       3
       0
       0
       0
       2
       0
       1
       1
       0
       1
       1
       0
       0
       0
       1
       0
       0
       0
       2
       3
       2
       1
       0
       1
       3
       0
       0
       0
       1
       1
       3
       1
       1
       2
       1
       1
       0
       1
       2
       2
       3
       0
       2
       2
       2
       2
       2
       2
       1
       0
       2
       2
       1
       3
       2
       1
       1
       2
       1
       0
       2
       1
       3
       3
       2
       3
       0
       0
       5
       3
       0
       3
       2
       1
       0
       1
       1
       2
       1
       3
       3
       3
       3
       2
       1
       2
       4
       1
       1
       4
       1
       3
       2
       2
       1
       3
       0
       3
       2
       2
       2
       6
       3
       6
       1
       3
       4
       1
       4
       3
       4
       0
       4
       4
       3
       6
      13
       5
       2
       3
       3
       3
       4
       4
       4
       1
       2
       3
       5
       7
       3
       1
       6
       2
       7
       4
       5
       5
       2
       4
       5
       3
       5
       3
       1
       3
       4
       6
       7
       3
       1
       5
       3
       8
      10
       4
       5
       3
       5
       9
       9
       8
       0
      15
       9
       8
      15
       6
       5
       7
       5
       4
       7
       6
       6
       6
      10
       4
      12
       7
       6
       3
       6
       8
      11
       5
       7
      10
       8
       8
       4
      16
      11
       8
      11
       6
      14
       8
       6
       7
      14
      10
      12
      12
      14
      15
       9
      10
      14
      15
      14
      13
      10
      14
       9
       6
      15
      12
      14
       9
       8
      14
      11
      17
       8
      14
      18
      20
       9
       9
      13
      18
      15
      12
      14
      11
      19
      16
      14
      17
      11
      20
      16
      13
      20
      18
      18
      20
      16
      24
      23
      15
      20
       8
      18
      15
      16
      18
      11
      16
      24
      17
      26
      20
      21
      23
      14
      17
      13
      28
      15
      31
      22
      18
       8
      32
      17
      21
      17
      24
      29
      25
      24
      22
      24
      20
      23
      25
      19
      22
      36
      22
      34
      17
      24
      25
      18
      27
      34
      27
      29
      36
      32
      23
      33
      21
      38
      32
      25
      26
      24
      24
      23
      28
      24
      37
      40
      33
      30
      49
      38
      30
      34
      38
      43
      28
      41
      37
      34
      38
      36
      28
      47
      32
      24
      34
      36
      50
      43
      48
      52
      39
      40
      45
      50
      27
      29
      38
      36
      31
      49
      38
      39
      45
      45
      52
      29
      38
      36
      38
      46
      50
      50
      36
      44
      38
      49
      51
      37
      49
      50
      48
      51
      49
      52
      45
      46
      59
      53
      60
      53
      42
      47
      51
      45
      26
      48
      36
      63
      37
      43
      45
      42
      66
      63
      49
      47
      49
      44
      51
      46
      44
      36
      56
      47
      35
      47
      47
      56
      43
      60
      44
      42
      42
      54
      51
      33
      31
      56
      50
      54
      52
      42
      52
      54
      41
      49
      46
      51
      38
      38
      54
      49
      45
      34
      47
      49
      41
      38
      43
      52
      40
      42
      40
      41
      40
      44
      49
      42
      45
      31
      35
      41
      42
      52
      40
      32
      33
      26
      41
      37
      37
      23
      37
      28
      41
      34
      38
      35
      38
      34
      34
      30
      32
      36
      32
      36
      33
      24
      41
      35
      23
      33
      36
      16
      36
      26
      33
      32
      19
      27
      27
      36
      23
      29
      27
      20
      26
      27
      23
      37
      32
      20
      27
      22
      23
      34
      13
      18
      20
      14
      25
      20
      13
      16
      16
      16
      17
      16
      19
      20
      15
      21
      16
      10
      14
      20
      13
      10
      10
      13
      19
      10
      21
      12
      12
      11
      11
      12
      14
      18
      15
      11
      15
       5
      17
      15
      11
      11
      10
      12
      12
      10
       9
       7
       6
      15
       8
      11
      13
       7
       9
       6
       9
      12
       6
       8
       8
       5
       7
       5
       2
       6
      10
       6
       8
      10
       8
       4
       5
       3
       4
       2
       6
       4
       5
       3
       5
       2
       5
       3
       3
       5
       3
       4
       2
       5
       1
       4
       0
       3
       2
       2
       6
       3
       5
       2
       1
       0
       1
       2
       4
       3
       2
       1
       0
       3
       0
       0
       2
       5
       1
       2
       0
       1
       1
       2
       0
       1
       0
       2
       1
       1
       0
       1
       1
       1
       0
       0
       2
       0
       1
       2
       0
       0
       0
       2
       2
       4
       0
       1
       1
       1
       0
       1
       0
       0
       0
       1
       0
       0
       1
       1
       0
       1
       0
       0
       0
       0
       0
       1
       0
       0
       0
       0
       0
       1
       0
       0
       0
       0
       0
       0
       0
       1
       0
       0
       0
       0
       0
       0
       0
       0
       0
       0
       0
       0
       0
       0
       0
       0
       0
       1
       0
       0
       1
       0
       1
       1
       0
       0
       0
       0
       0
       0
       0
       0
       1
       0
       0
       0
       1
       0
       0
       0
       1
       0
       0
       0
       0
       0
       0
       0
       0
       0
       0
       0
       0
       0
       0
       0
       0
       0
       0
       0
       0
       0
       0
       0
       0
       1
       0
       0
       0
       0
       0
       0
       0
       0
       0
       0
       0
       0
       0
       0
       0
       0
       0
       0
       0
       0
       0
       0
       0
       0
       0
       0
       0
       0
       0
       0
       0
       0
       0
       0
       0
       0
       0
       0
       0
       0
       0
       0
       0
       0
       0
       0
       0
       0
       0
       0
       0
       0
       0
       0
       0
       0
       0
       0
       0
       0
       0
       0
       0
       0
       0
       0
       0
       0
       0
       0
       0
       0
       0
       0
       0
       0
       0
       0
       0
       0
       0
       0
       0
       0
       0
       0
       0
       0
       0
       0
       0
       0
       0
       0
       0
       0
       0
       0
       0
       0
       0
       0
       0
       0
       0
       0
       0
       0
       0
       0
       0
       0
       0
       0
       0
       0
       0
       0
       0
       0
       0
       0
       0
       0
       0
       0
       0
       0
       0
       0
       0
       0
       0
       0
       0
       0
       0
       0
       0
       0
       0
       0
       0
       0
       0
       0
       0
       0
       0
       0
       0
       0
       0
       0
       0
       0
       0
       0
       0
       0
       0
       0
       0
       0
       0
       0
       0
       0
       0
       0
       0
       0
       0
       0
       0
       0
       0
       0
       0
       0
       0
       0
       0
       0
       0
       0
       0
       0
       0
       0
       0
       0
       0
       0
       0
       0
       0
       0
       0
       0
       0
       0
       0
       0
       0
       0
       0
       0
       0
       0
       0
       0
       0
       0
       0
       0
       0
       0
       0
       0
       0
       0
       0
       0
       0
       0
       0
       0
       0
       0
       0
       0
       0
       0
       0
       0
       0
       0
       0
       0
       0
       0
       0
       0
       0
       0
       0
       0
       0
       0
       0
       0
       0
       0
       0
       0
       0
       0
       0
       0
       0
       0
       0
       0
       0
       0
       0
       0
       0
       0
       0
       0
       0
       0
       0
       0
       0
       0
       0
       0
       0
       0
       0
       0
       0
       0
       0
       0
       0
       0
       0
       0
       0
       0
       0
       0
       0
       0
       0
       0
       0
       0
       0
       0
       0
       0
       0
       0
       0
       0
       0
       0
       0
       0
       0
       0
       0
       0
       0
       0
       0
       0
       0
       0
       0
       0
       0
       0
       0
       0
       0
       0
       0
       0
       0
       0
       0
       0
       0
       0
       0
       0
       0
       0
       0
       0
       0
       0
       0
       0
       0
       0
       0
       0
       0
       0
       0
       0
       0
       0
       0
       0
       0
       0
       0
       0
       0
       0
       0
       0
       0
       0
       0
       0
       0
       0
       0
       0
       0
       0
       0
       0
       0
       0
       0
       0
       0
       0
       0
       0
       0
       0
       0
       0
       0
       0
       0
       0
       0
       0
       0
       0
       0
       0
       0
       0
       0
       0
       0
       0
       0
       0
       0
       0
       0
       0
       0
       0
       0
       0
       0
       0
       0
       0
       0
       0
       0
       0
       0
       0
       0
       0
       0
       0
       0
       0
       0
       0
       0
       0
       0
       0
       0
       0
       0
       0
       0
       0
       0
       0
       0
       0
       0
       0
       0
       0
       0
       0
       0
       0
       0
       0
       0
       0
       0
       0
       0
       0
       0
       0
       0
       0
       0
       0
       0
       0
       0
       0
       0
       0
       0
       0
       0
       0
       0
       0
       0
       0
       0
       0
       0
       0
       0
       0
       0
       0
       0
       0
       0
       0
       0
       0
       0
       0
       0
       0
       0
       0
       0
       0
       0
       0
       0
       0
       0
       0
       0
       0
       0
       0
       0
       0
       0
       0
       0
       0
       0
       0
       0
       0
       0
       0
       0
       0
       0
       0
       0
       0
       0
       0
       0
       0
       0
       0
       0
       0
       0
       0
       0
       0
       0
       0
       0
       0
       0
       0
       0
       0
       0
       0
       0
       0
       0
       0
       0
       0
       0
       0
       0
       0
       0
       0
       0
       0
       0
       0
       0
       0
       0
       0
       0
       0
       0
       0
       0
       0
       0
       0
       0
       0
       0
       0
       0
       0
       0
       0
       0
       0
       0
       0
       0
       0
       0
       0
       0
       0
       0
       0
       0
       0
       0
       0
       0
       0
       0
       0
       0
       0
       0
       0
       0
       0
       0
       0
       0
       0
       0
       0
       0
       0
       0
       0
       0
       0
       0
       0
       0
       0
       0
       0
       0
       0
       0
       0
       0
       0
       0
       0
       0
       0
       0
       0
       0
       0
       0
       0
       0
       0
       0
       0
       0
       0
       0
       0
       0
       0
       0
       0
       0
       0
       0
       0
       0
       0
       0
       0
       0
       0
       0
       0
       0
       0
       0
       0
       0
       0
       0
       0
       0
       0
       0
       0
       0
       0
       0
       0
       0
       0
       0
       0
       0
       0
       0
       0
       0
       0
       0
       0
       0
       0
       0
       0
       0
       0
       0
       0
       0
$ROI:
0
$PRESETS:
None
0
0
$ENER_FIT:
0.000000 3.492040
$MCA_CAL:
3
0.000000E+000 3.492040E+000 0.000000E+000 keV
$SHAPE_CAL:
3
1.303160E+002 0.000000E+000 0.000000E+000
