$SPEC_ID:
No sample description was entered.
$SPEC_REM:
DET# 2
DETDESC# JLAB-18 MCB 131
AP# Maestro Version 7.01
$DATE_MEA:
10/24/2022 15:16:21
$MEAS_TIM:
456 456
$DATA:
0 2047
       0
       0
       0
       0
       0
       0
       0
       0
       0
       0
       0
       0
       0
       0
       0
       0
       0
       0
       0
       0
       0
       0
       0
       0
       0
       0
       0
       0
       0
       0
       0
       0
       0
       0
       0
       0
       0
       0
       0
       0
       0
       0
       0
       0
       0
       0
       0
       0
       0
       0
       0
       0
       0
       0
       0
       0
       0
       0
       0
       0
       0
       0
       0
       0
       0
       0
       0
       0
       0
       0
       0
       0
       0
       0
       0
       0
       0
       0
       0
       0
       0
       0
       0
       0
       0
       0
       0
       0
       0
       0
       0
       0
       0
       0
       0
       0
       0
       0
       0
       0
       0
       0
       0
       0
       0
       0
       0
       0
       0
       0
       0
       0
       0
       0
       0
       0
       0
       0
       0
       0
       0
       0
       0
       0
       0
       0
       0
       0
       0
       0
       0
       0
       0
       0
       0
       0
       0
       0
       0
       0
       0
       0
       0
       0
       0
       0
       0
       0
       0
       0
       0
       0
       0
       0
       0
       0
       0
       0
       0
       0
       0
       0
       0
       0
       0
       0
       0
       0
       0
       0
       0
       0
       0
       0
       0
       0
       0
       0
       0
       0
       0
       0
       0
       0
       0
       0
       0
       0
       0
       0
       0
       0
       0
       0
       1
       3
       2
       1
       2
       2
       4
       2
       3
       3
       2
       2
       4
       3
       3
       3
       2
       1
       2
       2
       2
       4
       0
       2
       1
       2
       3
       2
       0
       3
       2
       0
       2
       1
       3
       1
       3
       2
       1
       3
       2
       1
       0
       2
       0
       0
       1
       1
       2
       4
       1
       4
       2
       0
       1
       1
       2
       1
       5
       1
       3
       1
       1
       1
       1
       1
       3
       0
       6
       2
       2
       2
       3
       1
       1
       1
       0
       1
       3
       2
       2
       0
       2
       1
       3
       3
       2
       1
       2
       4
       1
       3
       1
       4
       2
       3
       2
       2
       3
       1
       3
       3
       1
       4
       0
       3
       1
       1
       1
       1
       1
       1
       0
       1
       3
       2
       3
       2
       2
       1
       2
       2
       1
       1
       2
       2
       1
       2
       1
       2
       3
       1
       0
       1
       1
       2
       1
       2
       2
       1
       1
       3
       2
       4
       3
       2
       1
       0
       3
       1
       0
       2
       3
       1
       4
       3
       1
       4
       1
       2
       2
       2
       2
       1
       3
       1
       0
       1
       0
       3
       2
       1
       2
       2
       2
       0
       0
       1
       0
       1
       3
       1
       2
       1
       1
       3
       1
       1
       2
       1
       3
       0
       1
       4
       5
       1
       3
       0
       1
       2
       2
       2
       2
       1
       2
       0
       1
       3
       2
       0
       0
       2
       0
       3
       4
       2
       3
       0
       2
       1
       0
       2
       3
       1
       0
       3
       1
       0
       0
       0
       1
       2
       0
       1
       1
       1
       1
       2
       2
       3
       1
       3
       3
       2
       2
       3
       3
       0
       2
       2
       4
       2
       0
       2
       2
       2
       4
       2
       0
       2
       0
       1
       3
       1
       2
       0
       1
       2
       2
       0
       3
       2
       2
       0
       4
       1
       0
       2
       0
       0
       2
       2
       2
       1
       0
       2
       3
       1
       0
       2
       1
       1
       0
       0
       0
       3
       0
       3
       2
       3
       3
       1
       0
       2
       0
       1
       5
       3
       0
       3
       1
       1
       0
       1
       0
       2
       3
       2
       4
       0
       3
       1
       2
       3
       0
       2
       2
       2
       3
       0
       3
       4
       1
       2
       2
       3
       0
       1
       0
       0
       1
       1
       2
       2
       0
       1
       3
       3
       0
       1
       1
       1
       0
       4
       3
       0
       3
       0
       2
       0
       2
       3
       2
       1
       0
       0
       0
       0
       0
       4
       2
       2
       3
       1
       2
       3
       0
       0
       0
       1
       2
       1
       1
       0
       2
       3
       0
       4
       2
       1
       2
       1
       2
       5
       2
       2
       1
       1
       1
       2
       1
       1
       0
       0
       2
       2
       3
       2
       3
       1
       2
       4
       3
       1
       1
       2
       0
       0
       3
       0
       0
       4
       0
       1
       0
       2
       2
       1
       2
       1
       1
       2
       3
       2
       2
       2
       2
       3
       3
       0
       6
       1
       1
       2
       2
       2
       1
       2
       0
       2
       2
       0
       1
       1
       3
       0
       2
       0
       2
       3
       0
       1
       2
       4
       3
       3
       4
       3
       1
       1
       3
       1
       2
       4
       2
       0
       7
       1
       5
       1
       2
       1
       2
       2
       2
       3
       1
       6
       7
       3
       3
       1
       3
       2
       1
       1
       2
       5
       4
       2
       3
       2
       0
       3
       3
       2
       4
       2
       0
       3
       0
       5
       1
       1
       5
       8
       2
       1
       3
       4
       4
       1
       0
       2
       3
       3
       2
       2
       3
       2
       6
       2
       1
       3
       0
       6
       1
      10
       2
       2
       4
       3
       5
       3
       5
       2
       3
       2
       6
       3
       6
       5
       5
       2
       4
       6
       5
       4
       2
       1
       5
       2
       4
       5
       4
       1
       5
       5
       1
       5
       4
       5
       2
       6
       6
       5
       3
       8
       5
       2
       6
       4
       4
       3
       6
       3
       3
       4
       6
       4
       8
       5
       5
       7
      13
       6
       4
       7
       5
       6
       4
       4
       7
       5
       3
       8
       5
       6
       9
       5
       5
       9
       9
       7
       9
       8
       3
      11
       5
       3
       7
       7
       9
       7
       4
       6
       9
       9
      12
      13
       9
       9
      15
      16
      10
       7
      14
      13
      10
       9
      10
      18
      13
      11
      13
      13
       8
      18
       7
      16
      12
      17
       9
      13
      11
      11
      20
      23
      11
      10
      20
      14
      14
      17
      15
      22
      18
      20
      20
      23
      22
      22
      19
      25
      21
      28
      24
      19
      27
      29
      22
      22
      37
      22
      33
      32
      36
      28
      31
      25
      30
      50
      36
      44
      47
      43
      42
      31
      63
      42
      35
      49
      51
      50
      61
      58
      59
      55
      48
      60
      52
      72
      57
      51
      68
      62
      74
      66
      83
      81
      97
      87
      96
      96
      93
      94
      99
      98
     109
     120
     113
     137
     126
     110
     139
     131
     110
     139
     123
     137
     149
     144
     183
     142
     163
     147
     154
     154
     178
     200
     187
     181
     195
     196
     221
     210
     194
     192
     192
     233
     240
     203
     244
     259
     247
     259
     246
     253
     248
     241
     273
     269
     257
     287
     310
     332
     297
     329
     309
     344
     327
     346
     304
     341
     365
     342
     334
     320
     330
     348
     383
     370
     383
     377
     382
     361
     357
     349
     354
     382
     383
     386
     364
     387
     362
     389
     380
     387
     382
     376
     394
     375
     376
     402
     390
     390
     384
     392
     379
     387
     352
     373
     384
     405
     370
     382
     360
     369
     378
     353
     356
     324
     323
     319
     318
     359
     348
     355
     312
     336
     331
     321
     310
     323
     323
     280
     302
     278
     308
     286
     257
     245
     257
     264
     248
     228
     250
     242
     217
     239
     254
     220
     203
     209
     201
     192
     172
     192
     166
     166
     183
     167
     162
     146
     160
     141
     148
     128
     132
     133
     122
     120
     106
     108
     117
     107
      89
      89
      90
      93
      86
      94
      81
      80
      72
      69
      84
      63
      62
      70
      52
      61
      42
      42
      46
      40
      42
      53
      42
      29
      40
      30
      34
      41
      31
      26
      20
      34
      27
      23
      19
      22
      20
      17
      14
      24
      12
      20
      15
      15
      20
      11
      14
       5
       9
       8
       6
       5
       9
       7
       7
       8
       5
      11
       6
       6
       4
       3
       4
       4
       1
       6
       6
       3
       6
       1
       2
       3
       5
       4
       4
       1
       4
       2
       0
       4
       3
       1
       0
       0
       0
       2
       1
       3
       1
       1
       0
       0
       2
       0
       0
       1
       0
       0
       0
       0
       0
       1
       1
       0
       0
       0
       0
       0
       0
       0
       0
       0
       0
       0
       0
       0
       0
       0
       0
       0
       0
       0
       0
       0
       0
       0
       0
       0
       0
       0
       0
       0
       0
       0
       0
       0
       0
       0
       0
       0
       0
       0
       0
       0
       0
       0
       0
       0
       0
       0
       0
       0
       0
       0
       0
       0
       0
       0
       0
       0
       0
       0
       0
       0
       0
       0
       0
       0
       0
       0
       0
       0
       0
       0
       0
       0
       0
       0
       0
       0
       0
       0
       0
       0
       0
       0
       0
       0
       0
       0
       0
       0
       0
       0
       0
       0
       0
       0
       0
       0
       0
       0
       0
       0
       0
       0
       0
       0
       0
       0
       0
       0
       0
       0
       0
       0
       0
       0
       0
       0
       0
       0
       0
       0
       0
       0
       0
       0
       0
       1
       0
       0
       0
       0
       0
       0
       0
       0
       0
       0
       0
       0
       0
       0
       0
       0
       0
       0
       0
       0
       0
       0
       0
       0
       0
       0
       0
       0
       0
       0
       0
       0
       0
       0
       0
       0
       0
       0
       0
       0
       0
       0
       0
       0
       0
       0
       0
       0
       0
       0
       0
       0
       0
       0
       0
       0
       0
       0
       0
       0
       0
       0
       0
       0
       1
       0
       0
       0
       0
       0
       0
       0
       0
       0
       0
       0
       0
       0
       0
       0
       0
       0
       0
       0
       0
       0
       0
       0
       0
       0
       0
       0
       0
       0
       0
       0
       0
       0
       0
       0
       0
       0
       0
       0
       0
       0
       0
       0
       0
       0
       0
       0
       0
       0
       0
       0
       0
       0
       0
       0
       0
       0
       0
       0
       0
       0
       0
       0
       0
       0
       0
       0
       0
       0
       0
       0
       0
       0
       0
       0
       0
       0
       0
       0
       0
       0
       0
       0
       0
       0
       0
       0
       0
       0
       0
       0
       0
       0
       0
       0
       0
       1
       0
       0
       0
       0
       0
       0
       0
       0
       0
       0
       0
       0
       0
       0
       0
       0
       0
       0
       0
       0
       0
       0
       0
       0
       0
       0
       0
       0
       0
       0
       0
       0
       0
       0
       0
       0
       0
       0
       0
       0
       0
       0
       0
       0
       0
       0
       0
       0
       0
       0
       0
       0
       0
       0
       0
       0
       0
       0
       0
       0
       0
       0
       0
       0
       0
       0
       0
       0
       0
       0
       0
       0
       0
       0
       0
       0
       0
       0
       0
       0
       0
       0
       0
       0
       0
       0
       0
       0
       1
       0
       0
       0
       0
       0
       0
       0
       0
       0
       0
       0
       0
       0
       0
       0
       0
       0
       0
       0
       0
       0
       0
       0
       0
       0
       0
       0
       0
       0
       0
       0
       0
       0
       0
       0
       0
       0
       0
       0
       0
       0
       0
       0
       0
       0
       0
       0
       0
       0
       0
       0
       0
       0
       0
       0
       0
       0
       0
       0
       0
       0
       0
       0
       0
       0
       0
       0
       0
       0
       0
       0
       0
       0
       0
       0
       0
       0
       0
       0
       0
       0
       0
       0
       0
       0
       0
       0
       0
       0
       0
       0
       0
       0
       0
       0
       0
       0
       0
       0
       0
       0
       0
       0
       0
       0
       0
       0
       0
       0
       0
       0
       0
       0
       0
       0
       0
       0
       0
       0
       0
       0
       0
       0
       0
       0
       0
       0
       0
       0
       0
       0
       0
       0
       0
       0
       0
       0
       0
       0
       0
       0
       0
       0
       0
       0
       0
       0
       0
       0
       0
       0
       0
       1
       0
       0
       0
       0
       0
       0
       0
       0
       0
       0
       0
       0
       0
       0
       0
       0
       0
       0
       0
       0
       0
       0
       0
       0
       0
       0
       0
       0
       0
       0
       0
       0
       0
       0
       0
       0
       0
       0
       0
       0
       0
       0
       0
       0
       0
       0
       0
       0
       0
       0
       0
       0
       0
       0
       0
       0
       0
       0
       0
       0
       0
       0
       0
       0
       0
       0
       0
       0
       0
       0
       0
       0
       0
       0
       0
       0
       0
       0
       0
       0
       0
       0
       0
       0
       0
       0
       0
       0
       0
       0
       0
       0
       0
       0
       0
       0
       0
       0
       0
       0
       0
       0
       0
       0
       0
       0
       0
       0
       0
       0
       0
       0
       0
       0
       0
       0
       0
       0
       0
       1
       0
       0
       0
       0
       0
       0
       0
       0
       0
       0
       0
       0
       0
       0
       0
       0
       0
       0
       0
       0
       0
       0
       0
       0
       0
       0
       0
       0
       0
       0
       0
       0
       0
       0
       0
       0
       0
       0
       0
       0
       0
       0
       0
       0
       0
       0
       0
       0
       0
       0
       0
       0
       0
       0
       0
       0
       0
       0
       0
       0
       0
       0
       0
       0
       0
       0
       0
       0
       0
       0
       0
       0
       0
       0
       0
       0
       0
       0
       0
       0
       0
       0
       0
       0
       0
       0
       0
       0
       0
       0
       0
       0
       0
       0
       0
       0
       0
       0
       0
       0
       0
       0
       0
       0
       0
       0
       0
       0
       0
       0
       0
       0
       0
       0
       0
       0
       0
       0
       0
       0
       0
       0
       0
       0
       0
       0
       0
       0
       0
       0
       0
       0
       0
       0
       0
       0
       0
       0
       0
       0
       0
       0
       0
       0
       0
       0
       0
       0
       0
       0
       0
       0
       0
       0
       0
       0
       0
       0
       0
       0
       0
       0
       0
       0
       0
       0
       0
       0
       0
       0
       0
       0
       0
       0
       0
       0
       0
       0
       0
       0
       0
       0
       0
       0
       0
       0
       0
       0
       0
       0
       0
       0
       0
       0
       0
       0
       0
       0
       0
       0
       0
       0
       0
       0
       0
       0
       0
       0
       0
       0
       0
       0
       0
       0
$ROI:
1
81 1741
$PRESETS:
None
0
0
$ENER_FIT:
0.000000 3.492040
$MCA_CAL:
3
0.000000E+000 3.492040E+000 0.000000E+000 keV
$SHAPE_CAL:
3
1.303160E+002 0.000000E+000 0.000000E+000
