$SPEC_ID:
No sample description was entered.
$SPEC_REM:
DET# 2
DETDESC# JLAB-18 MCB 131
AP# Maestro Version 7.01
$DATE_MEA:
10/24/2022 15:28:55
$MEAS_TIM:
315 315
$DATA:
0 2047
       0
       0
       0
       0
       0
       0
       0
       0
       0
       0
       0
       0
       0
       0
       0
       0
       0
       0
       0
       0
       0
       0
       0
       0
       0
       0
       0
       0
       0
       0
       0
       0
       0
       0
       0
       0
       0
       0
       0
       0
       0
       0
       0
       0
       0
       0
       0
       0
       0
       0
       0
       0
       0
       0
       0
       0
       0
       0
       0
       0
       0
       0
       0
       0
       0
       0
       0
       0
       0
       0
       0
       0
       0
       0
       0
       0
       0
       0
       0
       0
       0
       0
       0
       0
       0
       0
       0
       0
       0
       0
       0
       0
       0
       0
       0
       0
       0
       0
       0
       0
       0
       0
       0
       0
       0
       0
       0
       0
       0
       0
       0
       0
       0
       0
       0
       0
       0
       0
       0
       0
       0
       0
       0
       0
       0
       0
       0
       0
       0
       0
       0
       0
       0
       0
       0
       0
       0
       0
       0
       0
       0
       0
       0
       0
       0
       0
       0
       0
       0
       0
       0
       0
       0
       0
       0
       0
       0
       0
       0
       0
       0
       0
       0
       0
       0
       0
       0
       0
       0
       0
       0
       0
       0
       0
       0
       0
       0
       0
       0
       0
       0
       0
       0
       0
       0
       0
       0
       0
       0
       0
       0
       0
       0
       0
       0
       0
       1
       0
       1
       1
       0
       0
       0
       0
       0
       0
       1
       0
       1
       2
       0
       0
       0
       0
       1
       1
       1
       1
       0
       1
       0
       0
       0
       0
       0
       0
       0
       1
       1
       0
       0
       1
       0
       2
       0
       1
       0
       0
       2
       0
       1
       2
       2
       0
       1
       0
       0
       0
       0
       1
       1
       0
       0
       1
       4
       1
       0
       1
       1
       1
       0
       0
       0
       0
       2
       0
       0
       0
       1
       0
       0
       0
       2
       2
       0
       2
       1
       0
       1
       1
       1
       0
       1
       0
       0
       1
       0
       1
       0
       0
       0
       0
       0
       0
       0
       1
       1
       0
       0
       0
       0
       0
       0
       1
       1
       0
       0
       1
       1
       1
       2
       2
       1
       1
       0
       0
       2
       1
       0
       0
       0
       0
       2
       1
       1
       1
       1
       0
       1
       1
       0
       0
       1
       0
       0
       0
       0
       0
       1
       3
       0
       1
       0
       1
       0
       1
       1
       0
       0
       1
       1
       0
       1
       0
       1
       0
       0
       0
       0
       0
       1
       1
       1
       1
       0
       0
       0
       0
       1
       0
       0
       0
       1
       0
       0
       0
       0
       0
       0
       0
       0
       0
       0
       0
       0
       0
       0
       2
       0
       2
       1
       0
       1
       1
       0
       0
       0
       1
       1
       0
       0
       0
       1
       0
       0
       0
       0
       0
       0
       1
       0
       2
       1
       2
       0
       0
       2
       0
       0
       0
       1
       0
       0
       0
       1
       0
       0
       1
       1
       0
       0
       0
       0
       1
       0
       0
       2
       1
       0
       0
       0
       0
       0
       1
       0
       1
       1
       0
       0
       0
       1
       0
       1
       1
       0
       2
       0
       0
       0
       0
       0
       0
       0
       0
       1
       1
       0
       1
       2
       0
       0
       0
       0
       0
       0
       0
       2
       0
       0
       1
       0
       0
       1
       0
       0
       0
       1
       1
       0
       0
       1
       0
       0
       0
       0
       1
       0
       0
       1
       0
       0
       0
       0
       0
       1
       1
       3
       0
       1
       1
       1
       1
       0
       0
       0
       0
       0
       0
       0
       0
       0
       0
       0
       0
       0
       0
       0
       0
       0
       0
       0
       0
       1
       0
       0
       1
       0
       1
       1
       0
       0
       1
       0
       1
       0
       0
       1
       0
       1
       1
       0
       0
       0
       1
       1
       1
       1
       0
       0
       1
       0
       2
       1
       0
       1
       1
       1
       0
       0
       0
       0
       1
       0
       0
       1
       0
       0
       2
       1
       0
       0
       0
       0
       0
       0
       1
       1
       1
       0
       1
       0
       1
       0
       1
       0
       0
       0
       0
       0
       0
       0
       1
       1
       1
       2
       1
       0
       1
       0
       2
       1
       1
       0
       2
       0
       0
       0
       1
       2
       0
       0
       0
       0
       1
       1
       1
       0
       0
       0
       0
       0
       1
       0
       0
       0
       0
       0
       1
       0
       0
       0
       0
       0
       1
       1
       0
       2
       0
       0
       0
       0
       2
       0
       0
       0
       0
       0
       0
       0
       0
       0
       3
       0
       1
       0
       0
       1
       0
       1
       0
       0
       0
       0
       3
       0
       1
       1
       1
       1
       1
       0
       0
       0
       0
       0
       0
       2
       0
       0
       0
       1
       0
       1
       0
       1
       0
       1
       0
       0
       4
       0
       0
       0
       0
       1
       0
       0
       0
       0
       1
       1
       0
       0
       0
       1
       0
       1
       0
       0
       0
       0
       0
       0
       1
       0
       0
       0
       0
       1
       0
       0
       1
       0
       0
       0
       1
       0
       0
       1
       0
       0
       0
       0
       0
       1
       2
       0
       1
       0
       0
       1
       1
       0
       0
       3
       0
       1
       1
       1
       1
       0
       0
       1
       0
       1
       0
       1
       0
       0
       0
       1
       0
       2
       0
       2
       0
       0
       0
       0
       0
       2
       2
       1
       0
       0
       1
       0
       1
       0
       0
       0
       0
       1
       2
       1
       0
       0
       0
       1
       0
       1
       0
       0
       2
       0
       1
       1
       2
       2
       1
       0
       1
       0
       0
       0
       0
       0
       1
       0
       3
       0
       0
       1
       1
       1
       0
       0
       1
       0
       0
       1
       0
       0
       0
       2
       0
       2
       1
       0
       0
       1
       1
       0
       0
       0
       1
       1
       1
       1
       0
       0
       0
       1
       2
       1
       0
       0
       1
       1
       1
       0
       0
       0
       0
       1
       1
       0
       1
       0
       0
       0
       1
       1
       1
       0
       2
       1
       1
       2
       1
       2
       0
       0
       0
       2
       1
       2
       0
       0
       0
       0
       0
       0
       0
       0
       2
       1
       0
       2
       0
       0
       0
       0
       4
       0
       2
       0
       0
       1
       0
       0
       0
       0
       2
       1
       1
       0
       1
       0
       1
       0
       1
       0
       2
       1
       1
       1
       0
       0
       2
       0
       1
       0
       1
       0
       0
       1
       0
       0
       0
       0
       1
       0
       0
       0
       0
       1
       1
       0
       2
       1
       0
       0
       0
       0
       1
       0
       0
       0
       3
       0
       0
       2
       0
       4
       0
       1
       0
       0
       0
       1
       3
       1
       1
       0
       0
       2
       0
       0
       2
       1
       0
       0
       0
       1
       0
       1
       1
       2
       2
       1
       1
       0
       0
       0
       0
       1
       1
       0
       1
       0
       0
       2
       0
       0
       0
       0
       1
       1
       1
       2
       1
       1
       0
       1
       0
       0
       0
       0
       0
       0
       1
       0
       3
       1
       0
       2
       0
       2
       1
       1
       3
       0
       2
       1
       3
       0
       1
       2
       2
       1
       2
       0
       1
       0
       3
       1
       0
       0
       0
       1
       0
       0
       0
       0
       0
       0
       4
       0
       0
       1
       0
       0
       0
       2
       0
       1
       0
       0
       1
       1
       2
       2
       2
       0
       1
       1
       0
       0
       2
       0
       3
       1
       2
       0
       3
       2
       0
       1
       2
       2
       0
       1
       2
       2
       1
       0
       0
       0
       2
       1
       0
       0
       2
       2
       0
       0
       1
       1
       2
       0
       1
       0
       1
       1
       4
       1
       2
       1
       0
       0
       1
       1
       2
       1
       1
       0
       1
       3
       0
       1
       1
       1
       3
       0
       0
       3
       0
       0
       1
       1
       1
       0
       2
       2
       1
       2
       2
       0
       2
       3
       0
       2
       1
       1
       1
       3
       1
       0
       3
       3
       1
       0
       1
       0
       4
       0
       3
       5
       2
       5
       0
       2
       4
       6
       1
       2
       2
       2
       0
       3
       3
       1
       2
       0
       3
       3
       1
       1
       1
       1
       1
       2
       3
       1
       1
       1
       3
       0
       0
       3
       4
       3
       4
       3
       2
       1
       1
       5
       3
       1
       4
       1
       3
       5
       2
       0
       2
       3
       3
       2
       0
       4
       1
       3
       2
       2
       1
       3
       3
       4
       1
       4
       3
       6
       2
       4
       4
       7
       6
       4
       3
       2
       3
       2
       3
       4
       3
       0
       3
       3
       5
       8
       3
       6
       2
       6
       5
       3
       9
       4
       3
       7
       1
       3
       8
       2
       1
       4
       6
       5
       3
       3
       3
       4
       4
       5
       5
       6
       9
       4
       7
       7
       8
       7
       2
       2
       4
       4
       6
       7
       8
       7
       8
       6
       4
       4
       6
      11
       7
       6
       6
       7
      11
       4
       5
       7
      12
       9
       9
       5
       8
       4
      13
       4
      16
      14
       5
       6
      10
      10
      15
      15
       8
      14
      11
      12
       8
      14
       9
      11
      12
      14
      13
      19
      14
      14
      13
      11
      16
      13
      14
      15
      16
      18
      16
      16
      13
      17
      18
      16
      19
      16
      28
      23
      15
      30
      25
      16
      19
      28
      12
      25
      28
      19
      25
      21
      25
      21
      29
      29
      36
      28
      23
      19
      20
      33
      32
      38
      26
      33
      24
      32
      30
      27
      47
      40
      37
      48
      45
      47
      38
      50
      52
      59
      56
      42
      45
      48
      53
      58
      46
      55
      60
      64
      64
      63
      66
      73
      59
      74
      64
      69
      62
      79
      88
      72
      83
      70
      92
      63
      95
      60
      74
      87
     104
     102
      75
      90
      97
     114
      92
      91
      95
     100
     106
      96
     116
      92
      93
     105
     117
     116
     120
     113
     121
      99
     122
     108
     134
     114
     118
     155
     140
     142
     139
     143
     127
     136
     127
     152
     150
     140
     149
     147
     131
     127
     145
     153
     140
     169
     154
     169
     131
     164
     172
     155
     151
     162
     148
     166
     148
     163
     163
     174
     146
     150
     182
     179
     170
     183
     150
     155
     177
     160
     144
     168
     182
     163
     174
     156
     149
     195
     149
     154
     150
     145
     136
     147
     133
     143
     140
     128
     138
     132
     145
     146
     121
     154
     147
     142
     129
     151
     106
     147
     123
     138
     128
     130
     120
     143
     128
     120
     121
      98
     108
     109
     111
     106
     119
     113
     103
     106
     111
      97
     100
      75
      72
      83
      86
      87
      85
      82
      88
      95
      68
      60
      61
      77
      62
      78
      66
      68
      56
      64
      45
      60
      43
      42
      44
      44
      46
      47
      53
      57
      39
      46
      38
      43
      43
      33
      34
      35
      37
      39
      26
      35
      30
      27
      33
      28
      18
      24
      21
      12
      20
      15
      21
      19
      25
       7
      15
      17
      15
      19
      12
      21
      18
      16
      10
       9
      15
      12
      12
      15
       5
      10
      15
       8
       3
       6
       4
       7
       2
      11
       8
       6
       1
       1
       7
       3
       4
       5
       3
       2
       2
       3
       2
       2
       3
       5
       0
       3
       0
       1
       2
       4
       4
       0
       2
       2
       1
       3
       0
       0
       0
       0
       3
       1
       1
       1
       0
       1
       1
       1
       0
       2
       0
       0
       1
       0
       0
       1
       1
       0
       0
       1
       0
       1
       0
       0
       0
       1
       0
       1
       0
       0
       0
       0
       0
       0
       0
       0
       0
       0
       0
       0
       0
       0
       0
       1
       0
       0
       0
       0
       0
       0
       0
       0
       0
       0
       0
       0
       0
       0
       0
       0
       0
       0
       0
       0
       0
       0
       0
       0
       0
       0
       0
       0
       0
       0
       0
       0
       0
       0
       0
       0
       0
       0
       0
       0
       0
       0
       1
       0
       1
       0
       0
       0
       0
       0
       0
       0
       0
       0
       0
       0
       0
       0
       0
       0
       0
       0
       0
       0
       0
       1
       0
       0
       0
       0
       0
       0
       0
       0
       0
       0
       0
       0
       0
       0
       0
       0
       0
       0
       0
       0
       0
       0
       0
       0
       0
       0
       0
       0
       0
       0
       0
       0
       0
       0
       0
       0
       0
       0
       0
       0
       0
       0
       0
       0
       0
       0
       0
       0
       0
       0
       0
       0
       0
       0
       0
       0
       0
       0
       0
       0
       0
       0
       0
       0
       0
       0
       0
       0
       0
       0
       0
       0
       0
       0
       0
       0
       0
       0
       0
       0
       0
       0
       0
       0
       0
       0
       0
       0
       0
       0
       0
       0
       0
       0
       1
       0
       0
       0
       0
       0
       0
       0
       0
       0
       0
       0
       0
       0
       0
       0
       0
       0
       0
       0
       0
       0
       0
       0
       0
       0
       0
       0
       0
       0
       0
       0
       0
       0
       0
       0
       0
       0
       0
       0
       0
       0
       0
       0
       0
       0
       0
       0
       0
       0
       0
       0
       0
       0
       0
       0
       0
       0
       0
       0
       0
       0
       0
       0
       0
       0
       0
       0
       0
       0
       0
       0
       0
       0
       0
       0
       0
       0
       0
       0
       0
       0
       0
       0
       0
       0
       0
       0
       0
       0
       0
       0
       0
       0
       0
       0
       0
       0
       0
       0
       0
       0
       0
       0
       0
       0
       0
       0
       0
       0
       0
       0
       0
       0
       0
       0
       0
       0
       0
       0
       0
       0
       0
       0
       0
       0
       0
       0
       0
       0
       0
       0
       0
       0
       0
       0
       0
       0
       0
       0
       0
       0
       0
       0
       0
       0
       0
       0
       0
       0
       0
       0
       0
       0
       0
       0
       0
       0
       0
       0
       0
       0
       0
       0
       0
       0
       0
       0
       0
       0
       0
       0
       0
       0
       0
       0
       0
       0
       0
       0
       0
       0
       0
       0
       0
       0
       0
$ROI:
1
81 1741
$PRESETS:
None
0
0
$ENER_FIT:
0.000000 3.492040
$MCA_CAL:
3
0.000000E+000 3.492040E+000 0.000000E+000 keV
$SHAPE_CAL:
3
1.303160E+002 0.000000E+000 0.000000E+000
