$SPEC_ID:
No sample description was entered.
$SPEC_REM:
DET# 2
DETDESC# JLAB-18 MCB 131
AP# Maestro Version 7.01
$DATE_MEA:
10/24/2022 14:21:37
$MEAS_TIM:
1887 1888
$DATA:
0 2047
       0
       0
       0
       0
       0
       0
       0
       0
       0
       0
       0
       0
       0
       0
       0
       0
       0
       0
       0
       0
       0
       0
       0
       0
       0
       0
       0
       0
       0
       0
       0
       0
       0
       0
       0
       0
       0
       0
       0
       0
       0
       0
       0
       0
       0
       0
       0
       0
       0
       0
       0
       0
       0
       0
       0
       0
       0
       0
       0
       0
       0
       0
       0
       0
       0
       0
       0
       0
       0
       0
       0
       0
       0
       0
       0
       0
       0
       0
       0
       0
       0
       0
       0
       0
       0
       0
       0
       0
       0
       0
       0
       0
       0
       0
       0
       0
       0
       0
       0
       0
       0
       0
       0
       0
       0
       0
       0
       0
       0
       0
       0
       0
       0
       0
       0
       0
       0
       0
       0
       0
       0
       0
       0
       0
       0
       0
       0
       0
       0
       0
       0
       0
       0
       0
       0
       0
       0
       0
       0
       0
       0
       0
       0
       0
       0
       0
       0
       0
       0
       0
       0
       0
       0
       0
       0
       0
       0
       0
       0
       0
       0
       0
       0
       0
       0
       0
       0
       0
       0
       0
       0
       0
       0
       0
       0
       0
       0
       0
       0
       0
       0
       0
       0
       0
       0
       0
       0
       0
       0
       0
       0
       0
       0
       1
       0
       3
       1
       3
       6
       2
       2
       6
       7
       2
       1
       6
       3
       2
       5
       5
       4
       4
       2
       3
       4
       2
       3
       4
       5
       1
       4
       5
       3
       3
       2
       3
       3
       1
       3
       2
       2
       2
       5
       1
       2
       6
       5
       5
       4
       3
       0
       4
       4
       3
       5
       4
       4
       3
       6
       6
       4
       1
       3
       3
       4
       2
       1
       4
       1
       5
       6
       3
       1
       2
       1
       2
       1
       5
       2
       4
       5
       3
       4
       3
       4
       3
       4
       5
       1
       2
       6
       5
       1
       5
       4
       2
       3
       4
       3
       0
       5
       0
       3
       1
       3
       2
       5
       3
       2
       3
       1
       5
       1
       2
       4
       4
       3
       5
       5
       1
       5
       3
       2
       3
       3
       1
       4
       6
       4
       4
       1
       3
       2
       4
       4
       5
       2
       3
       3
       6
       3
       2
       2
       3
       1
       2
       3
       1
       2
       4
       2
       6
       4
       3
       6
       3
       2
       4
       2
       3
       2
       4
       3
       3
       4
       4
       3
       4
       5
       1
       3
       1
       6
       5
       4
       3
       7
       1
       2
       0
       3
       3
       3
       7
       5
       6
       3
       2
       0
       3
       1
       5
       2
       0
       2
       5
       2
       2
       3
       6
       0
       5
       5
       2
       4
       3
       2
       8
       3
       4
       2
       4
       4
       0
       7
       2
       2
       1
       3
       4
       5
       1
       0
       3
       2
       2
       3
       3
       1
       5
       0
       3
       1
       2
       4
       5
       3
       2
       7
       3
       0
       3
       3
       1
       1
       4
       0
       4
       3
       5
       3
       2
       3
       5
       5
       1
       4
       1
       6
       5
       2
       4
       1
       0
       1
       2
       3
       1
       3
       3
       4
       4
       6
       3
       5
       3
       3
       3
       4
       5
       2
       4
       8
       2
       3
       7
       2
       2
       6
       3
       4
       3
       5
       5
       4
       5
       3
       4
       4
       5
       3
       3
       2
       3
       2
       3
       3
       4
       6
       4
       3
       2
       5
       2
       2
       1
       2
       5
       0
       2
       2
       8
       4
       4
       2
       3
       4
       8
       3
       1
       3
       7
       1
       4
       2
       1
       3
       4
       1
       2
       1
       5
       6
       4
       4
       0
       6
       0
       1
       4
       2
       2
       5
       5
       1
       0
       2
       2
       8
       1
       1
       4
       0
       4
       2
       1
       3
       4
       3
       3
       1
       2
       1
       3
       4
       5
       2
       4
       1
       5
       3
       1
       5
       4
       2
       3
       3
       2
       2
       1
       5
       2
       1
       6
       2
       1
       3
       4
       3
       3
       2
       0
       2
       4
       1
       6
       5
       1
       1
       3
       3
       6
       2
       2
       3
       2
       4
       4
       1
       1
       1
       3
       3
       2
       3
       1
       5
       8
       2
       3
       2
       6
       3
       2
       6
       2
       4
       3
       3
       3
       1
       4
       2
       5
       7
       3
       2
       3
       2
       6
       2
       2
       1
       2
       4
       7
       4
       4
       7
       8
       1
       4
       2
       1
       2
       5
       1
       3
       2
       0
       6
       2
       1
       3
       2
       5
       4
       6
       2
       4
       3
       4
       6
       2
       4
       5
       5
       4
       3
       5
       3
       3
       3
       7
       5
       2
       4
       2
       6
       5
       6
       3
       3
       4
       2
       8
       4
       7
       3
       5
       3
       4
       3
       6
       3
       0
       2
       4
       6
       6
       5
       3
       0
       9
       6
       0
       3
       9
       4
       3
       5
       3
       2
       6
       4
       7
       8
       6
       4
       2
       2
       7
       3
       3
       3
       3
       4
       2
       3
       4
       3
       7
       4
       2
       2
       5
       3
       5
       1
       1
       2
       5
       2
       3
       5
       7
       5
       6
       3
       7
       6
       8
       7
       7
       2
       5
       2
       5
       6
       3
       6
       0
       6
       8
       3
       5
       5
       2
       6
       2
      11
       2
       3
       6
       4
       8
       5
       4
       4
       9
       6
       4
       2
       7
       8
       6
       7
       2
       3
       6
       3
       5
       2
       6
       6
       3
       1
       6
       2
       1
       8
       8
       6
       5
       4
       6
       9
       7
       6
       7
       4
       2
       5
       5
       2
       4
       6
       5
       4
       3
       9
       7
       7
       6
      10
       9
       7
       5
       5
       9
       5
       8
       3
       3
       6
       8
       4
       9
      10
       8
       5
       7
       4
       6
       6
      10
       8
       8
       7
       7
      12
       3
       4
       8
      10
       2
       4
       9
      13
      15
      12
       6
       3
       5
       6
       6
      10
       3
       7
       8
       5
       9
      10
       6
      11
       9
       7
       9
      13
      10
      11
       5
      13
       6
       6
       6
       8
      15
       9
      13
       9
       7
      15
      11
       7
       9
      11
       8
      10
       9
      13
      12
      14
      10
       8
       6
      10
       8
      11
      11
       5
       9
       8
      10
       9
      12
       9
      16
       5
       6
      10
      13
       9
      16
      17
      11
      12
       6
      14
       8
      15
      12
       9
       9
      12
      16
      12
      11
      14
      13
       9
      14
      15
      11
      13
       9
       8
      17
      17
       8
      12
      13
      16
      16
      20
      12
      19
      13
      19
      10
      17
      23
      11
      24
      18
      18
      20
      18
      23
      23
      20
      16
      20
      15
      16
      15
       9
      25
      11
      20
      23
      20
      19
      13
      19
      28
      17
      23
      25
      18
      23
      11
      27
      19
      22
      18
      30
      26
      24
      27
      22
      20
      22
      20
      22
      31
      20
      28
      31
      26
      29
      25
      22
      32
      26
      38
      32
      39
      36
      35
      18
      37
      31
      32
      22
      31
      29
      32
      34
      48
      25
      35
      40
      45
      43
      34
      40
      45
      38
      31
      55
      40
      45
      48
      46
      41
      43
      42
      41
      47
      52
      49
      47
      51
      46
      52
      49
      58
      55
      53
      50
      60
      55
      61
      52
      56
      68
      59
      64
      52
      71
      46
      67
      73
      76
      74
      80
      71
      74
      84
      80
      77
      92
      74
      82
      68
      89
      86
      92
      83
      96
     109
      92
     105
     107
      84
     109
      92
     103
      90
     116
     104
     133
     109
     120
     105
     119
     133
     120
     110
     120
     131
     138
     138
     130
     140
     140
     143
     141
     138
     160
     163
     170
     148
     172
     162
     150
     181
     192
     180
     193
     204
     187
     194
     200
     203
     175
     202
     206
     212
     213
     221
     204
     237
     208
     238
     214
     244
     276
     250
     269
     240
     238
     252
     286
     271
     279
     258
     296
     284
     300
     304
     319
     302
     300
     342
     312
     301
     348
     335
     334
     363
     326
     393
     342
     375
     374
     389
     379
     374
     406
     370
     438
     416
     401
     431
     421
     436
     459
     418
     429
     460
     430
     463
     463
     489
     482
     475
     467
     508
     562
     506
     524
     548
     549
     532
     497
     546
     554
     585
     567
     555
     538
     595
     600
     572
     592
     577
     574
     639
     608
     682
     629
     659
     652
     660
     590
     683
     658
     626
     635
     662
     684
     657
     704
     691
     675
     661
     704
     701
     694
     741
     692
     679
     739
     717
     754
     727
     792
     722
     784
     813
     734
     755
     762
     743
     779
     787
     805
     751
     673
     843
     779
     837
     799
     790
     836
     799
     793
     766
     765
     791
     746
     796
     804
     782
     806
     792
     761
     796
     760
     822
     790
     780
     780
     760
     775
     749
     742
     770
     750
     743
     804
     747
     733
     790
     765
     707
     725
     718
     773
     664
     714
     725
     773
     700
     745
     663
     697
     713
     681
     713
     686
     666
     676
     671
     673
     628
     636
     654
     627
     631
     633
     588
     585
     561
     607
     598
     557
     591
     542
     536
     567
     574
     537
     542
     547
     473
     510
     459
     501
     460
     467
     455
     470
     473
     446
     404
     427
     410
     393
     388
     396
     377
     372
     367
     340
     357
     370
     340
     330
     320
     316
     316
     329
     335
     310
     289
     291
     271
     277
     277
     264
     221
     243
     237
     228
     220
     216
     235
     202
     206
     181
     220
     174
     167
     169
     163
     168
     147
     151
     181
     147
     149
     148
     144
     109
     130
     114
     109
     108
     107
      92
     100
     105
      98
      83
     106
      80
      85
      74
      79
      59
      64
      72
      73
      62
      72
      66
      57
      48
      65
      41
      67
      50
      41
      49
      36
      36
      35
      36
      39
      31
      28
      27
      36
      26
      26
      29
      29
      20
      23
      17
      18
      23
      10
      21
      21
      13
      21
      22
      10
      15
      10
      11
       9
      13
       7
      11
       6
      10
       6
       7
       8
      10
       9
       7
       5
       6
       6
       5
       8
       9
       4
       4
       7
       4
       2
       3
       7
       4
       2
       6
       4
       3
       4
       2
       3
       5
       3
       4
       4
       1
       2
       2
       2
       3
       3
       3
       2
       1
       0
       3
       0
       2
       1
       2
       2
       2
       2
       0
       1
       0
       0
       0
       0
       1
       0
       0
       1
       3
       1
       0
       2
       1
       0
       1
       1
       0
       0
       0
       0
       2
       0
       0
       0
       0
       0
       0
       0
       2
       1
       0
       0
       0
       0
       0
       0
       0
       0
       0
       1
       1
       1
       0
       0
       0
       0
       0
       0
       0
       1
       0
       0
       0
       1
       0
       0
       0
       0
       0
       0
       0
       0
       0
       0
       0
       0
       0
       1
       0
       0
       0
       0
       0
       0
       0
       0
       0
       0
       0
       0
       1
       0
       0
       1
       0
       0
       0
       0
       0
       0
       0
       0
       0
       0
       0
       0
       0
       0
       0
       0
       0
       0
       0
       0
       0
       0
       0
       0
       0
       0
       0
       0
       0
       0
       0
       0
       0
       0
       0
       0
       0
       0
       0
       0
       0
       0
       0
       0
       0
       0
       0
       0
       0
       0
       0
       0
       1
       0
       0
       0
       0
       0
       0
       0
       0
       0
       0
       0
       0
       0
       0
       0
       0
       0
       0
       0
       0
       0
       0
       0
       0
       0
       0
       0
       0
       0
       0
       0
       0
       0
       0
       0
       0
       0
       0
       0
       0
       0
       0
       0
       0
       0
       0
       0
       0
       0
       0
       0
       0
       0
       0
       0
       0
       0
       0
       0
       0
       0
       0
       0
       0
       0
       0
       0
       0
       0
       0
       0
       0
       0
       0
       0
       0
       0
       0
       0
       0
       0
       0
       0
       0
       0
       0
       0
       0
       0
       0
       0
       0
       0
       0
       1
       0
       0
       0
       0
       0
       0
       0
       0
       0
       0
       0
       0
       0
       0
       0
       0
       0
       0
       0
       0
       0
       0
       0
       0
       0
       0
       0
       0
       0
       0
       0
       0
       0
       0
       0
       0
       0
       0
       0
       0
       0
       0
       0
       0
       0
       0
       0
       0
       0
       0
       0
       0
       0
       0
       0
       0
       0
       0
       0
       0
       0
       0
       0
       0
       0
       0
       0
       0
       0
       0
       0
       0
       0
       0
       0
       0
       0
       0
       0
       0
       0
       0
       0
       0
       0
       0
       0
       0
       0
       0
       0
       0
       0
       0
       0
       0
       0
       0
       0
       0
       0
       0
       0
       0
       0
       0
       0
       0
       0
       0
       0
       0
       0
       0
       0
       0
       0
       0
       0
       0
       0
       0
       0
       0
       0
       0
       0
       0
       0
       0
       0
       0
       0
       0
       0
       0
       1
       0
       0
       0
       0
       0
       0
       0
       0
       0
       0
       0
       0
       0
       0
       0
       0
       0
       0
       0
       0
       0
       0
       0
       0
       0
       0
       0
       0
       0
       0
       0
       0
       0
       0
       0
       0
       0
       0
       0
       0
       0
       0
       0
       0
       0
       0
       1
       0
       0
       0
       0
       0
       0
       0
       0
       0
       0
       0
       0
       0
       0
       0
       0
       0
       0
       0
       0
       0
       0
       0
       0
       0
       0
       0
       0
       0
       0
       0
       0
       0
       0
       0
       0
       0
       0
       0
       0
       0
       0
       0
       0
       0
       0
       0
       0
       0
       0
       0
       0
       1
       0
       0
       0
       0
       0
       0
       0
       0
       0
       0
       0
       0
       0
       0
       0
       0
       0
       0
       0
       0
       0
       0
       0
       0
       0
       0
       0
       0
       0
       0
       0
       0
       0
       0
       0
       0
       0
       0
       0
       0
       0
       0
       0
       0
       0
       0
       0
       0
       0
       0
       0
       0
       0
       0
       0
       0
       0
$ROI:
0
$PRESETS:
None
0
0
$ENER_FIT:
0.000000 3.492040
$MCA_CAL:
3
0.000000E+000 3.492040E+000 0.000000E+000 keV
$SHAPE_CAL:
3
1.303160E+002 0.000000E+000 0.000000E+000
