$SPEC_ID:
No sample description was entered.
$SPEC_REM:
DET# 2
DETDESC# JLAB-18 MCB 131
AP# Maestro Version 7.01
$DATE_MEA:
12/08/2022 16:10:56
$MEAS_TIM:
560 563
$DATA:
0 2047
       0
       0
       0
       0
       0
       0
       0
       0
       0
       0
       0
       0
       0
       0
       0
       0
       0
       0
       0
       0
       0
       0
       0
       0
       0
       0
       0
       0
       0
       0
       0
       0
       0
       0
       0
       0
       0
       0
       0
       0
       0
       0
       0
       0
       0
       0
       0
       0
       0
       0
       0
       0
       0
       0
       0
       0
       0
       0
       0
       0
       0
       0
       0
       0
       0
       0
       0
       0
       0
       0
       0
       0
       0
       0
       0
       0
       0
       0
       0
       0
       0
       0
       0
       0
       0
       0
       0
       0
       0
       0
       0
       0
       0
       0
       0
       0
       0
       0
       0
       0
       0
       0
       0
       0
       0
       0
       0
       0
       0
       0
       1
       0
       1
       0
       0
       0
       3
       0
       0
       0
       0
       0
       0
       0
       0
       0
       1
       1
       0
       0
       0
       1
       1
       0
       0
       0
       1
       2
       1
       0
       1
       0
       0
       1
       1
       0
       0
       1
       0
       0
       0
       0
       0
       0
       1
       0
       0
       1
       1
       1
       0
       0
       0
       0
       0
       0
       0
       0
       0
       0
       0
       0
       0
       0
       0
       0
       1
       0
       0
       0
       0
       1
       0
       0
       0
       0
       0
       0
       1
       0
       0
       0
       0
       0
       0
       0
       1
       0
       0
       0
       1
       0
       0
       0
       0
       1
       1
       0
       0
       0
       0
       0
       1
       1
       0
       0
       0
       1
       0
       0
       0
       2
       0
       0
       0
       0
       0
       0
       1
       0
       0
       1
       0
       0
       0
       0
       0
       0
       0
       1
       0
       0
       0
       0
       0
       0
       0
       0
       1
       0
       0
       0
       0
       0
       0
       0
       1
       0
       0
       1
       1
       1
       2
       1
       0
       0
       1
       1
       0
       1
       0
       0
       0
       0
       0
       0
       0
       0
       1
       0
       0
       0
       0
       0
       1
       0
       1
       0
       0
       1
       0
       0
       1
       0
       0
       2
       1
       0
       0
       1
       0
       0
       0
       0
       2
       2
       1
       0
       0
       0
       0
       0
       1
       0
       2
       0
       0
       0
       0
       0
       0
       1
       1
       0
       0
       0
       0
       0
       0
       1
       0
       0
       0
       1
       0
       0
       0
       0
       0
       0
       0
       1
       0
       2
       0
       1
       1
       0
       0
       0
       0
       1
       0
       0
       0
       0
       0
       1
       0
       2
       0
       0
       1
       1
       0
       1
       1
       0
       0
       0
       1
       1
       0
       2
       0
       0
       1
       0
       0
       1
       1
       1
       0
       0
       0
       1
       1
       0
       2
       0
       1
       0
       1
       0
       0
       0
       0
       1
       0
       0
       0
       0
       0
       0
       0
       0
       1
       0
       0
       0
       0
       1
       1
       1
       0
       0
       1
       1
       0
       1
       0
       0
       2
       1
       2
       2
       0
       1
       0
       0
       1
       0
       1
       2
       0
       0
       0
       0
       1
       0
       0
       0
       0
       0
       0
       0
       0
       0
       0
       0
       1
       0
       1
       0
       0
       1
       1
       0
       0
       0
       1
       2
       0
       0
       0
       1
       0
       0
       0
       0
       1
       2
       0
       0
       2
       1
       2
       1
       1
       1
       0
       1
       2
       2
       1
       1
       0
       0
       0
       0
       0
       0
       1
       0
       0
       1
       0
       1
       1
       0
       0
       3
       0
       0
       0
       3
       2
       1
       0
       0
       2
       2
       0
       0
       0
       1
       0
       3
       0
       0
       0
       1
       0
       1
       1
       1
       1
       0
       1
       1
       0
       1
       1
       0
       0
       5
       1
       0
       1
       0
       0
       0
       0
       0
       1
       0
       0
       0
       1
       2
       1
       1
       0
       0
       1
       0
       0
       1
       1
       0
       1
       1
       1
       1
       3
       0
       0
       0
       0
       1
       1
       0
       3
       1
       0
       1
       2
       2
       1
       2
       1
       0
       0
       1
       1
       0
       0
       2
       1
       1
       1
       3
       2
       1
       0
       0
       1
       1
       3
       2
       1
       1
       0
       0
       1
       1
       0
       0
       1
       1
       1
       5
       0
       3
       0
       4
       0
       4
       1
       1
       1
       2
       2
       1
       2
       1
       1
       1
       1
       3
       2
       2
       0
       3
       2
       2
       0
       1
       0
       3
       3
       3
       0
       1
       1
       1
       4
       0
       4
       0
       3
       1
       3
       1
       1
       1
       6
       1
       3
       5
       0
       4
       3
       5
       1
       3
       0
       3
       0
       2
       2
       2
       4
       2
       2
       2
       2
       3
       1
       4
       3
       2
       2
       3
       3
       3
       4
       5
       2
       1
       5
       3
       5
       3
       3
       4
       4
       2
       2
       1
       2
       5
       5
       4
       3
       2
       3
       2
       3
       1
       2
       3
       9
       3
       6
       7
       2
       2
       6
       6
       6
       8
       3
       3
       5
       5
       2
       6
       3
       2
       3
       4
       9
       1
       3
       7
       6
       6
       6
       7
       6
       6
       6
       4
       9
       8
       5
       4
       9
       5
       5
       7
       7
       8
       7
       4
       5
       5
       8
       4
       6
       6
       9
       8
       9
      11
       4
       8
      12
       9
      10
       7
       7
       5
      13
       8
       4
      12
       8
       8
      12
      10
       1
       8
       7
      10
      10
       8
       9
      15
       8
      17
       8
       9
       8
      10
      13
      17
      13
      13
       9
      10
      10
      13
       8
      18
       9
      14
       8
       9
      15
      17
      14
       9
      12
      10
      10
      14
      12
      11
      11
      22
      18
      15
      12
      16
       9
      10
      13
       8
      18
      15
      13
      10
      13
      11
      12
      15
      19
      12
      15
      14
      16
      18
      21
      22
      12
      15
      16
      22
      16
      21
      15
      13
      17
      15
      18
      13
      23
      27
      23
      15
      11
      21
      17
      19
      18
      17
      26
      13
      19
      16
      16
      21
      22
      26
      18
      12
      20
      28
       7
      14
      17
      28
      20
      27
      28
      22
      14
      25
      25
      21
      18
      21
      16
      17
      27
      20
      21
      20
      31
      21
      20
      27
      23
      29
      28
      28
      25
      18
      23
      30
      28
      23
      24
      29
      22
      17
      24
      24
      25
      15
      33
      21
      22
      31
      29
      28
      20
      16
      22
      19
      19
      19
      23
      23
      26
      25
      25
      25
      22
      13
      16
      23
      17
      23
      30
      20
      25
      19
      11
      21
      26
      22
      15
      25
      30
      23
      35
      26
      18
      24
      17
      19
      23
      28
      17
      24
      16
      16
      20
      11
      14
      16
      26
      21
      18
      28
      22
      19
      25
      18
      13
      25
      21
      19
      14
      25
      13
      10
      10
      14
      20
      12
      15
      17
      12
      12
      22
      23
      15
      15
      12
      20
      18
      20
      13
      21
      17
       8
      17
      15
      14
      15
      10
      23
       9
      11
      16
      13
      14
       8
      10
       9
       7
      11
      17
      14
      15
      15
      13
      13
       8
       8
      12
      12
      11
       8
       7
      11
      11
       9
       7
      10
       7
       7
       9
       4
       1
      14
       6
       4
       7
      11
       7
       9
       5
       8
       7
      10
       7
       2
       6
       5
      11
       6
      10
       6
       7
       5
       8
       9
       5
       4
       8
       5
       3
       3
       6
       2
       1
       2
       3
       5
       3
       4
       1
       1
       3
       3
       5
       8
       3
       1
       5
       6
       1
       1
       0
       2
       2
       3
       3
       1
       4
       3
       3
       3
       1
       1
       5
       3
       2
       1
       1
       2
       0
       3
       1
       0
       3
       3
       0
       0
       0
       3
       0
       2
       1
       1
       0
       1
       0
       1
       0
       0
       0
       1
       1
       1
       1
       1
       2
       0
       0
       0
       0
       0
       0
       0
       1
       2
       0
       2
       1
       1
       0
       0
       2
       0
       0
       0
       0
       0
       0
       2
       0
       0
       0
       0
       1
       0
       0
       0
       0
       0
       0
       0
       1
       0
       1
       0
       0
       1
       0
       0
       0
       0
       1
       0
       0
       0
       0
       0
       0
       0
       0
       0
       0
       0
       0
       0
       0
       0
       1
       0
       0
       0
       0
       0
       0
       0
       0
       0
       0
       1
       0
       1
       0
       0
       0
       0
       0
       0
       1
       0
       0
       0
       0
       0
       0
       0
       0
       0
       0
       0
       0
       0
       0
       0
       0
       1
       0
       1
       0
       0
       0
       0
       0
       0
       0
       0
       0
       0
       0
       0
       0
       0
       0
       0
       0
       0
       0
       0
       0
       0
       0
       0
       0
       0
       0
       0
       0
       0
       0
       0
       0
       0
       0
       0
       0
       1
       0
       0
       0
       0
       0
       0
       0
       0
       0
       1
       0
       0
       0
       0
       0
       0
       0
       0
       0
       0
       0
       0
       0
       0
       0
       0
       0
       0
       0
       0
       0
       0
       0
       0
       0
       0
       0
       0
       0
       0
       0
       0
       0
       0
       0
       0
       0
       0
       0
       0
       0
       0
       0
       0
       0
       0
       0
       0
       0
       0
       0
       0
       0
       0
       0
       0
       0
       0
       0
       0
       0
       0
       0
       0
       0
       0
       0
       0
       0
       0
       0
       0
       0
       0
       0
       0
       0
       0
       0
       0
       0
       0
       0
       0
       0
       0
       0
       0
       0
       0
       0
       0
       0
       0
       0
       0
       0
       0
       0
       0
       0
       0
       0
       0
       0
       0
       0
       0
       0
       0
       0
       0
       0
       0
       0
       0
       0
       0
       0
       0
       0
       0
       0
       0
       0
       0
       0
       0
       0
       0
       0
       0
       0
       0
       0
       0
       0
       0
       0
       0
       0
       0
       0
       0
       0
       0
       0
       0
       0
       0
       0
       0
       0
       0
       0
       0
       0
       0
       0
       0
       0
       0
       0
       0
       0
       0
       0
       0
       0
       0
       0
       0
       0
       0
       0
       0
       0
       0
       0
       0
       0
       0
       0
       0
       0
       0
       0
       0
       0
       0
       0
       0
       0
       0
       0
       0
       0
       0
       0
       0
       0
       0
       0
       0
       0
       0
       0
       0
       0
       0
       0
       0
       0
       0
       0
       0
       0
       0
       0
       0
       0
       0
       0
       0
       0
       0
       0
       0
       0
       0
       0
       0
       0
       0
       0
       0
       0
       0
       0
       0
       0
       0
       0
       0
       0
       0
       0
       0
       0
       0
       0
       0
       0
       0
       0
       0
       0
       0
       0
       0
       0
       0
       0
       0
       0
       0
       0
       0
       0
       0
       0
       0
       0
       0
       0
       0
       0
       0
       0
       0
       0
       0
       0
       0
       0
       0
       0
       0
       0
       0
       0
       0
       0
       0
       0
       0
       0
       0
       0
       0
       0
       0
       0
       0
       0
       0
       0
       0
       0
       0
       0
       0
       0
       0
       0
       0
       0
       0
       0
       0
       0
       0
       0
       0
       0
       0
       0
       0
       0
       0
       0
       0
       0
       0
       0
       0
       0
       0
       0
       0
       0
       0
       0
       0
       0
       0
       0
       0
       0
       0
       0
       0
       0
       0
       0
       0
       0
       0
       0
       0
       0
       0
       0
       0
       0
       0
       0
       0
       0
       0
       0
       0
       0
       0
       0
       0
       0
       0
       0
       0
       0
       0
       0
       0
       0
       0
       0
       0
       0
       0
       0
       0
       0
       0
       0
       0
       0
       0
       0
       0
       0
       0
       0
       0
       0
       0
       0
       0
       0
       0
       0
       0
       0
       0
       0
       0
       0
       0
       0
       0
       0
       0
       0
       0
       0
       0
       0
       0
       0
       0
       0
       0
       0
       0
       0
       0
       0
       0
       0
       0
       0
       0
       0
       0
       0
       0
       0
       0
       0
       0
       0
       0
       0
       0
       0
       0
       0
       0
       0
       0
       0
       0
       0
       0
       0
       0
       0
       0
       0
       0
       0
       0
       0
       0
       0
       0
       0
       0
       0
       0
       0
       0
       0
       0
       0
       0
       0
       0
       0
       0
       0
       0
       0
       0
       0
       0
       0
       0
       0
       0
       0
       0
       0
       0
       0
       0
       0
       0
       0
       0
       0
       0
       0
       0
       0
       0
       0
       0
       0
       0
       0
       0
       0
       0
       0
       0
       0
       0
       0
       0
       0
       0
       0
       0
       0
       0
       0
       0
       0
       0
       0
       0
       0
       0
       0
       0
       0
       0
       0
       0
       0
       0
       0
       0
       0
       0
       0
       0
       0
       0
       0
       0
       0
       0
       0
       0
       0
       0
       0
       0
       0
       0
       0
       0
       0
       0
       0
       0
       0
       0
       0
       0
       0
       0
       0
       0
       0
       0
       0
       0
       0
       0
       0
       0
       0
       0
       0
       0
       0
       0
       0
       0
       0
       0
       0
       0
       0
       0
       0
       0
       0
       0
       0
       0
       0
       0
       0
       0
       0
       0
       0
       0
       0
       0
       0
       0
       0
       0
       0
       0
       0
       0
       0
       0
       0
       0
       0
       0
       0
       0
       0
       0
       0
       0
       0
       0
       0
       0
       0
       0
       0
       0
       0
       0
       0
       0
       0
       0
       0
       0
       0
       0
       0
       0
       0
       0
       0
       0
       0
       0
       0
       0
       0
       0
       0
       0
       0
       0
       0
       0
       0
       0
       0
       0
       0
       0
       0
       0
       0
       0
       0
       0
       0
       0
       0
       0
       0
       0
       0
       0
       0
       0
       0
       0
       0
       0
       0
       0
       0
       0
       0
       0
       0
       0
       0
       0
       0
       0
       0
       0
       0
       0
       0
       0
       0
       0
       0
       0
       0
       0
       0
       0
       0
       0
       0
       0
       0
       0
       0
       0
       0
       0
       0
       0
       0
       0
       0
       0
       0
       0
       0
       0
       0
       0
       0
       0
$ROI:
1
49 1635
$PRESETS:
None
0
0
$ENER_FIT:
0.000000 3.492040
$MCA_CAL:
3
0.000000E+000 3.492040E+000 0.000000E+000 keV
$SHAPE_CAL:
3
1.303160E+002 0.000000E+000 0.000000E+000
