$SPEC_ID:
No sample description was entered.
$SPEC_REM:
DET# 2
DETDESC# JLAB-18 MCB 131
AP# Maestro Version 7.01
$DATE_MEA:
12/08/2022 15:41:20
$MEAS_TIM:
510 512
$DATA:
0 2047
       0
       0
       0
       0
       0
       0
       0
       0
       0
       0
       0
       0
       0
       0
       0
       0
       0
       0
       0
       0
       0
       0
       0
       0
       0
       0
       0
       0
       0
       0
       0
       0
       0
       0
       0
       0
       0
       0
       0
       0
       0
       0
       0
       0
       0
       0
       0
       0
       0
       0
       0
       0
       0
       0
       0
       0
       0
       0
       0
       0
       0
       0
       0
       0
       0
       0
       0
       0
       0
       0
       0
       0
       0
       0
       0
       0
       0
       0
       0
       0
       0
       0
       0
       0
       0
       0
       0
       0
       0
       0
       0
       0
       0
       0
       0
       0
       0
       0
       0
       0
       0
       0
       0
       0
       0
       0
       0
       0
       0
       1
       0
       2
       0
       0
       0
       0
       0
       0
       0
       0
       1
       0
       0
       0
       0
       0
       0
       0
       0
       0
       0
       0
       0
       2
       0
       0
       1
       0
       0
       0
       0
       2
       1
       2
       0
       0
       0
       0
       0
       0
       0
       0
       0
       0
       0
       0
       1
       0
       0
       1
       0
       0
       0
       0
       0
       0
       0
       0
       1
       0
       1
       0
       0
       1
       0
       0
       0
       0
       0
       0
       2
       0
       0
       0
       0
       0
       0
       0
       1
       0
       0
       0
       0
       0
       0
       0
       1
       1
       0
       1
       0
       1
       0
       0
       0
       0
       1
       0
       1
       0
       1
       1
       1
       0
       0
       0
       0
       0
       0
       0
       0
       0
       0
       0
       0
       0
       0
       0
       1
       0
       1
       0
       1
       1
       0
       0
       2
       0
       2
       0
       0
       0
       0
       0
       0
       0
       0
       1
       0
       1
       0
       1
       2
       1
       0
       0
       0
       0
       0
       0
       0
       0
       1
       0
       0
       0
       1
       2
       0
       1
       0
       1
       0
       0
       0
       0
       0
       0
       1
       0
       0
       0
       2
       0
       0
       0
       0
       0
       0
       1
       0
       0
       0
       0
       0
       1
       0
       1
       0
       0
       0
       3
       1
       0
       0
       2
       1
       0
       0
       0
       0
       1
       0
       0
       0
       0
       0
       1
       0
       1
       0
       0
       0
       1
       0
       0
       0
       0
       1
       0
       0
       1
       0
       1
       0
       0
       0
       1
       0
       1
       0
       0
       0
       2
       0
       0
       0
       0
       1
       1
       0
       2
       1
       0
       0
       0
       0
       0
       0
       1
       0
       0
       0
       0
       0
       0
       0
       0
       0
       0
       0
       1
       0
       1
       0
       1
       1
       0
       0
       0
       1
       0
       0
       1
       1
       1
       0
       2
       0
       0
       0
       0
       0
       1
       0
       0
       0
       0
       0
       0
       0
       0
       0
       0
       0
       1
       1
       0
       2
       0
       1
       0
       1
       0
       0
       0
       0
       0
       0
       1
       1
       0
       1
       0
       0
       1
       1
       0
       0
       0
       2
       1
       1
       0
       0
       0
       0
       1
       1
       0
       1
       0
       4
       0
       0
       1
       0
       1
       0
       0
       0
       0
       0
       0
       0
       1
       2
       0
       0
       0
       0
       2
       1
       0
       1
       1
       0
       2
       1
       0
       4
       0
       0
       0
       1
       0
       1
       0
       1
       0
       0
       0
       1
       1
       1
       0
       1
       1
       1
       0
       1
       0
       1
       0
       1
       0
       3
       1
       1
       1
       1
       0
       0
       0
       1
       1
       3
       0
       1
       0
       0
       0
       1
       0
       1
       0
       0
       0
       0
       1
       0
       0
       0
       2
       0
       0
       3
       0
       1
       1
       1
       0
       0
       2
       1
       0
       0
       1
       1
       0
       0
       0
       1
       0
       0
       1
       1
       0
       0
       1
       2
       0
       0
       2
       1
       0
       1
       0
       1
       0
       0
       3
       1
       3
       0
       1
       0
       3
       0
       0
       2
       2
       0
       2
       0
       2
       1
       1
       1
       1
       3
       0
       0
       2
       0
       1
       2
       1
       0
       1
       3
       1
       1
       0
       2
       0
       0
       1
       2
       1
       2
       2
       3
       2
       1
       0
       2
       1
       0
       1
       2
       2
       2
       2
       0
       0
       1
       1
       3
       3
       0
       0
       2
       0
       3
       2
       2
       2
       3
       3
       0
       1
       0
       1
       3
       1
       2
       2
       1
       5
       0
       2
       1
       0
       4
       3
       2
       3
       3
       3
       2
       5
       1
       2
       1
       4
       2
       3
       1
       4
       1
       4
       2
       4
       3
       2
       2
       3
       1
       6
       2
       2
       2
       4
       1
       4
       2
       1
       4
       5
       2
       3
       4
       6
       6
       1
       4
       3
       6
       4
       3
       3
       4
       2
       3
       3
       3
       5
       2
       2
       7
       4
       2
       3
       4
       1
       2
      10
       7
       5
       3
       5
       6
       3
       2
       7
       8
       2
       8
       6
       8
       5
       6
       2
       8
       2
       2
       4
       6
       4
       2
       4
       4
       5
       5
      10
       4
       7
       3
       9
       5
       2
       5
       7
      11
       6
      11
       7
       8
       5
       4
       7
       8
      12
      11
      11
       6
      10
       6
       7
      13
       8
      13
      10
      11
       9
       8
       8
       6
       5
      14
      10
       8
      10
       5
       6
      17
      11
      11
       9
      16
      10
       6
      14
       9
       9
      14
      12
      17
       4
      13
       8
      17
      10
      13
       8
      12
      10
       9
      12
      18
      12
      22
      16
      19
      14
      14
      15
      10
      16
      10
       7
      18
      21
      14
      14
      12
      13
      16
      11
      28
      10
      16
      19
      19
      22
      25
      18
      29
      13
      15
      18
      13
      10
      19
      24
      23
      17
      16
      22
      17
      21
      16
      19
      31
      17
      16
      23
      12
      24
      10
      18
      12
      17
      15
      14
      20
      19
      18
      14
      28
      23
      23
      21
      30
      29
      22
      19
      17
      18
      21
      22
      27
      21
      31
      27
      21
      26
      26
      23
      23
      22
      24
      29
      34
      31
      30
      25
      25
      35
      23
      29
      36
      25
      36
      34
      27
      24
      25
      32
      24
      29
      19
      25
      29
      27
      29
      30
      26
      30
      38
      32
      34
      23
      25
      32
      43
      29
      25
      40
      33
      35
      32
      29
      29
      39
      24
      36
      34
      34
      31
      33
      26
      29
      41
      29
      31
      43
      36
      26
      35
      27
      28
      29
      39
      45
      28
      32
      45
      29
      22
      41
      30
      34
      34
      35
      31
      37
      45
      37
      35
      28
      25
      26
      30
      26
      30
      33
      23
      33
      29
      31
      37
      24
      27
      35
      24
      33
      36
      39
      33
      21
      20
      25
      28
      20
      35
      27
      24
      31
      34
      23
      30
      29
      19
      27
      18
      32
      23
      18
      30
      35
      29
      16
      25
      27
      32
      18
      28
      15
      30
      23
      26
      22
      19
      26
      23
      21
      20
      17
      23
      21
      21
      26
      24
      22
      22
      33
      21
      25
      18
      22
      19
      20
      21
      22
      16
      16
      21
      18
      22
      20
      19
      16
      13
      21
      13
      11
      11
       6
      10
      11
      17
      12
      21
      15
      12
      21
      11
      17
      10
      10
      14
      14
      13
      13
      16
      17
      12
      11
      12
       8
       9
       9
       8
       3
       6
      11
       6
      16
       9
       9
       9
      10
      17
      14
       7
      11
       6
       5
       5
      12
      10
       7
      11
       6
       5
       8
       6
       9
       6
      11
       2
       6
       4
       7
       4
       4
       4
       6
       4
       6
       2
       8
       5
       2
       2
       3
       2
       7
       2
       3
       4
       4
       3
       5
       1
       2
       1
       5
       1
       1
       2
       3
       3
       3
       4
       5
       3
       1
       1
       1
       1
       1
       1
       1
       1
       0
       2
       2
       0
       1
       2
       0
       1
       4
       1
       2
       1
       1
       2
       1
       1
       0
       1
       0
       1
       2
       1
       1
       1
       1
       2
       3
       0
       1
       0
       1
       0
       1
       2
       2
       1
       0
       0
       0
       0
       1
       0
       0
       2
       0
       0
       0
       0
       0
       0
       0
       0
       1
       0
       0
       1
       0
       0
       1
       1
       0
       0
       0
       0
       0
       0
       0
       0
       1
       0
       0
       1
       0
       0
       0
       0
       0
       0
       0
       0
       0
       0
       0
       0
       0
       0
       0
       0
       0
       0
       0
       0
       0
       0
       0
       0
       0
       0
       0
       0
       0
       0
       1
       0
       1
       0
       0
       0
       0
       0
       1
       1
       0
       0
       0
       0
       0
       0
       0
       0
       0
       0
       0
       0
       0
       0
       0
       0
       0
       0
       0
       0
       0
       0
       0
       0
       1
       0
       0
       0
       0
       0
       0
       0
       0
       0
       0
       0
       0
       0
       0
       0
       0
       1
       0
       0
       0
       0
       0
       0
       1
       0
       1
       0
       0
       0
       0
       0
       0
       0
       0
       0
       0
       0
       0
       0
       0
       0
       0
       0
       0
       0
       0
       0
       0
       0
       0
       0
       0
       0
       0
       0
       0
       0
       0
       0
       0
       0
       0
       0
       0
       0
       0
       0
       0
       0
       0
       0
       0
       0
       0
       0
       0
       0
       0
       0
       0
       0
       0
       0
       0
       0
       0
       0
       0
       0
       0
       0
       0
       0
       0
       0
       0
       0
       0
       0
       0
       0
       0
       0
       0
       0
       0
       0
       0
       0
       0
       0
       0
       0
       0
       0
       0
       0
       0
       0
       0
       0
       0
       0
       0
       0
       0
       0
       0
       0
       0
       0
       0
       0
       0
       0
       0
       0
       0
       0
       0
       0
       0
       0
       0
       0
       0
       0
       0
       0
       0
       0
       0
       0
       0
       0
       0
       0
       0
       0
       0
       0
       0
       0
       0
       0
       0
       0
       0
       0
       0
       0
       0
       0
       0
       0
       0
       0
       0
       0
       0
       0
       0
       0
       0
       0
       0
       0
       0
       0
       0
       0
       0
       0
       0
       0
       0
       0
       0
       0
       0
       0
       1
       0
       0
       0
       0
       0
       0
       0
       0
       0
       0
       0
       0
       0
       0
       0
       0
       0
       0
       0
       0
       0
       0
       0
       0
       0
       0
       0
       0
       0
       0
       0
       0
       0
       0
       0
       0
       0
       0
       0
       0
       0
       0
       0
       0
       0
       0
       0
       0
       0
       0
       0
       0
       0
       0
       0
       0
       0
       0
       0
       0
       0
       0
       0
       0
       0
       0
       0
       0
       0
       0
       0
       0
       0
       0
       0
       0
       0
       0
       0
       0
       0
       0
       0
       0
       0
       0
       0
       0
       0
       0
       0
       0
       0
       0
       0
       0
       0
       0
       0
       0
       0
       0
       0
       0
       0
       0
       0
       0
       0
       0
       0
       0
       0
       0
       0
       0
       0
       0
       0
       0
       0
       0
       0
       0
       0
       0
       0
       0
       0
       0
       0
       0
       0
       0
       0
       0
       0
       0
       0
       0
       0
       0
       0
       0
       0
       0
       0
       0
       0
       0
       0
       0
       0
       0
       0
       0
       0
       0
       0
       0
       0
       0
       0
       0
       0
       0
       0
       0
       0
       0
       0
       0
       0
       0
       0
       0
       0
       0
       0
       0
       0
       0
       0
       0
       0
       0
       0
       0
       0
       0
       0
       0
       0
       0
       0
       0
       0
       0
       0
       0
       0
       0
       0
       0
       0
       0
       0
       0
       0
       0
       0
       0
       0
       0
       0
       0
       0
       0
       0
       0
       0
       0
       0
       0
       0
       0
       0
       0
       0
       0
       0
       0
       0
       0
       0
       0
       0
       0
       0
       0
       0
       0
       0
       0
       0
       0
       0
       0
       0
       0
       0
       0
       0
       0
       0
       0
       0
       0
       0
       0
       0
       0
       0
       0
       0
       0
       0
       0
       0
       0
       0
       0
       0
       0
       0
       0
       0
       0
       0
       0
       0
       0
       0
       0
       0
       0
       0
       0
       0
       0
       0
       0
       0
       0
       0
       0
       0
       0
       0
       0
       0
       0
       0
       0
       0
       0
       0
       0
       0
       0
       0
       0
       0
       0
       0
       0
       0
       0
       0
       0
       0
       0
       0
       0
       0
       0
       0
       0
       0
       0
       0
       0
       0
       0
       0
       0
       0
       0
       0
       0
       0
       0
       0
       0
       0
       0
       0
       0
       0
       0
       0
       0
       0
       0
       0
       0
       0
       0
       0
       0
       0
       0
       0
       0
       0
       0
       0
       0
       0
       0
       0
       0
       0
       0
       0
       0
       0
       0
       0
       0
       0
       0
       0
       0
       0
       0
       0
       0
       0
       0
       0
       0
       0
       0
       0
       0
       0
       0
       0
       0
       0
       0
       0
       0
       0
       0
       0
       0
       0
       0
       0
       0
       0
       0
       0
       0
       0
       0
       0
       0
       0
       0
       0
       0
       0
       0
       0
       0
       0
       0
       0
       0
       0
       0
       0
       0
       0
       0
       0
       0
       0
       0
       0
       0
       0
       0
       0
       0
       0
       0
       0
       0
       0
       0
       0
       0
       0
       0
       0
       0
       0
       0
       0
       0
       0
       0
       0
       0
       0
       0
       0
       0
       0
       0
       0
       0
       0
       0
       0
       0
       0
       0
       0
       0
       0
       0
       0
       0
       0
       0
       0
       0
       0
       0
       0
       0
       0
       0
       0
       0
       0
       0
       0
       0
       0
       0
       0
       0
       0
       0
       0
       0
       0
       0
       0
       0
       0
       0
       0
       0
       0
       0
       0
       0
       0
       0
       0
       0
       0
       0
       0
       0
       0
       0
       0
       0
       0
       0
       0
       0
       0
       0
       0
       0
       0
       0
       0
       0
       0
       0
       0
       0
       0
       0
       0
       0
       0
       0
       0
       0
       0
       0
$ROI:
1
49 1635
$PRESETS:
None
0
0
$ENER_FIT:
0.000000 3.492040
$MCA_CAL:
3
0.000000E+000 3.492040E+000 0.000000E+000 keV
$SHAPE_CAL:
3
1.303160E+002 0.000000E+000 0.000000E+000
