$SPEC_ID:
No sample description was entered.
$SPEC_REM:
DET# 2
DETDESC# JLAB-18 MCB 131
AP# Maestro Version 7.01
$DATE_MEA:
12/08/2022 16:58:33
$MEAS_TIM:
630 633
$DATA:
0 2047
       0
       0
       0
       0
       0
       0
       0
       0
       0
       0
       0
       0
       0
       0
       0
       0
       0
       0
       0
       0
       0
       0
       0
       0
       0
       0
       0
       0
       0
       0
       0
       0
       0
       0
       0
       0
       0
       0
       0
       0
       0
       0
       0
       0
       0
       0
       0
       0
       0
       0
       0
       0
       0
       0
       0
       0
       0
       0
       0
       0
       0
       0
       0
       0
       1
       0
       0
       0
       0
       0
       0
       0
       0
       0
       0
       0
       0
       0
       0
       0
       0
       0
       0
       0
       0
       0
       0
       0
       0
       0
       0
       0
       0
       0
       0
       0
       0
       0
       0
       0
       0
       0
       0
       0
       0
       0
       0
       0
       0
       0
       1
       0
       0
       0
       0
       1
       2
       0
       0
       0
       0
       0
       0
       0
       1
       1
       0
       1
       1
       1
       0
       0
       0
       0
       1
       0
       1
       0
       0
       0
       0
       0
       1
       1
       1
       0
       1
       1
       0
       1
       0
       1
       0
       1
       1
       0
       0
       0
       0
       1
       0
       0
       0
       1
       1
       0
       0
       1
       1
       0
       0
       0
       0
       1
       1
       0
       1
       0
       0
       0
       0
       0
       0
       0
       1
       2
       0
       0
       1
       1
       0
       0
       1
       0
       0
       0
       1
       1
       0
       1
       0
       0
       0
       0
       1
       1
       0
       0
       0
       1
       0
       0
       0
       1
       0
       0
       0
       0
       1
       0
       0
       0
       1
       0
       0
       0
       4
       0
       0
       0
       0
       0
       0
       1
       0
       0
       1
       0
       0
       1
       0
       1
       0
       0
       1
       0
       0
       0
       0
       2
       0
       1
       1
       0
       0
       0
       0
       0
       0
       0
       0
       1
       0
       0
       1
       1
       0
       0
       0
       0
       0
       0
       0
       0
       1
       1
       0
       0
       0
       0
       1
       0
       0
       0
       0
       0
       1
       0
       1
       0
       0
       0
       0
       1
       2
       1
       1
       1
       0
       0
       0
       0
       1
       0
       0
       0
       0
       0
       1
       1
       0
       1
       1
       1
       0
       1
       0
       0
       0
       0
       1
       0
       0
       0
       1
       0
       0
       1
       1
       0
       1
       1
       1
       0
       0
       1
       0
       1
       0
       0
       0
       1
       1
       0
       0
       2
       1
       1
       0
       0
       2
       0
       1
       1
       1
       0
       0
       0
       1
       0
       1
       1
       0
       0
       0
       0
       0
       0
       1
       1
       1
       1
       1
       0
       2
       0
       0
       1
       0
       0
       0
       0
       0
       1
       0
       0
       0
       0
       0
       0
       1
       0
       1
       1
       0
       2
       0
       2
       1
       0
       0
       1
       0
       0
       0
       1
       0
       0
       1
       0
       0
       0
       0
       0
       0
       0
       0
       0
       0
       1
       1
       0
       0
       0
       1
       0
       0
       2
       1
       0
       0
       3
       0
       1
       0
       1
       0
       1
       1
       1
       2
       1
       0
       2
       2
       0
       1
       1
       2
       0
       1
       0
       0
       1
       1
       2
       0
       1
       0
       0
       1
       1
       0
       1
       0
       1
       0
       2
       0
       3
       0
       2
       1
       0
       0
       1
       1
       0
       2
       0
       3
       1
       2
       0
       1
       0
       1
       1
       2
       2
       0
       0
       2
       0
       1
       0
       1
       0
       1
       1
       2
       1
       0
       0
       2
       1
       0
       0
       5
       2
       0
       0
       2
       0
       2
       0
       0
       2
       2
       2
       2
       2
       2
       1
       1
       2
       3
       0
       0
       1
       1
       3
       1
       2
       1
       0
       3
       0
       0
       2
       1
       1
       1
       3
       0
       1
       1
       1
       1
       1
       2
       2
       1
       5
       2
       1
       3
       0
       1
       2
       1
       1
       4
       4
       2
       0
       1
       3
       2
       2
       1
       2
       3
       1
       0
       4
       1
       2
       3
       0
       0
       2
       0
       0
       5
       0
       2
       4
       2
       4
       1
       1
       4
       2
       0
       5
       1
       2
       3
       4
       4
       3
       2
       1
       0
       3
       2
       4
       2
       2
       2
       2
       2
       3
       2
       2
       5
       3
       3
       2
       3
       1
       5
       3
       2
       6
       1
       3
       3
       3
       2
       5
       5
       1
       0
       3
       1
       3
       4
       3
       2
       3
       3
       5
       2
       2
       4
       4
       4
       2
       6
       4
       4
       3
       3
       5
       5
       7
       7
       3
       2
       0
       4
       4
       5
       6
       2
       7
       4
       5
       5
       2
       5
       7
       0
       8
       4
       7
       5
       7
       8
       8
       4
       6
      12
       5
       6
       8
       9
       9
       9
       9
       3
       8
       6
      11
       8
       5
       9
       9
       8
       4
       1
      10
       9
       5
       9
       6
       8
       6
       9
      12
      10
       5
       9
       3
      12
      10
       5
       7
       6
      13
       7
       9
       9
       8
      10
       8
      10
      12
       9
      18
      12
      11
      13
      14
      11
       4
      13
      12
      12
      14
      11
      18
      14
      12
       9
      15
      18
      11
      14
      16
      17
      18
      13
      16
      10
      12
      21
      13
       8
      17
      24
      14
      21
      14
      16
      17
      17
      21
      18
      11
      13
      13
      12
      24
      14
      20
      22
      23
      21
      13
      23
      26
      20
      16
      35
      25
      17
      23
      36
      18
      19
      22
      20
      26
      19
      27
      19
      25
      24
      21
      25
      34
      16
      33
      27
      24
      31
      29
      32
      29
      26
      32
      27
      32
      29
      25
      37
      27
      28
      31
      26
      36
      33
      25
      29
      32
      31
      25
      41
      29
      41
      28
      26
      32
      35
      41
      31
      37
      25
      29
      33
      35
      26
      37
      36
      47
      33
      27
      38
      33
      28
      30
      33
      33
      36
      37
      39
      25
      34
      40
      27
      42
      33
      38
      31
      27
      29
      32
      52
      38
      32
      35
      39
      31
      36
      25
      41
      30
      29
      42
      38
      24
      28
      38
      30
      40
      32
      35
      38
      37
      36
      42
      42
      35
      29
      34
      29
      46
      36
      37
      34
      36
      33
      38
      43
      52
      41
      35
      37
      39
      30
      35
      47
      41
      36
      28
      25
      38
      45
      32
      37
      36
      28
      43
      38
      28
      32
      31
      40
      34
      24
      28
      38
      35
      36
      35
      24
      29
      30
      33
      44
      27
      31
      35
      29
      29
      27
      37
      38
      28
      30
      36
      27
      32
      31
      22
      30
      18
      31
      39
      20
      34
      31
      29
      21
      30
      23
      33
      31
      30
      25
      19
      20
      28
      30
      22
      26
      22
      19
      20
      19
      22
      22
      23
      21
      18
      25
      32
      24
      20
      17
      24
      24
      18
      15
      22
      23
      17
      10
      16
      18
      13
      18
      16
      14
      14
      14
      15
      16
      17
      22
       9
      11
      10
      15
      16
      12
       6
      11
      15
      11
      14
      11
      10
       6
      11
      12
       5
      12
       8
      10
      13
      11
       8
       9
      11
       9
       8
       5
       6
       6
      11
       9
       6
       4
       4
       7
       3
       4
       7
       2
       6
       6
       1
       3
       6
       6
       3
       3
       8
       1
       3
       4
       3
       3
       1
       3
       4
       1
       4
       1
       3
       3
       3
       5
       3
       0
       3
       2
       2
       2
       0
       2
       3
       1
       1
       5
       0
       4
       2
       1
       2
       4
       1
       2
       3
       5
       1
       1
       1
       1
       2
       0
       1
       5
       1
       1
       0
       0
       2
       1
       0
       0
       1
       0
       2
       1
       1
       1
       1
       0
       0
       1
       1
       0
       0
       1
       0
       0
       0
       0
       0
       1
       1
       0
       1
       0
       0
       0
       0
       0
       0
       1
       0
       0
       0
       1
       0
       0
       0
       0
       1
       0
       1
       0
       0
       0
       0
       0
       0
       0
       0
       0
       0
       0
       0
       0
       0
       0
       0
       0
       0
       0
       0
       0
       0
       0
       0
       0
       0
       0
       0
       0
       0
       0
       0
       0
       0
       0
       0
       0
       0
       0
       0
       0
       0
       0
       0
       0
       0
       0
       0
       0
       0
       0
       0
       0
       0
       0
       0
       0
       0
       0
       0
       1
       0
       0
       0
       0
       0
       0
       0
       0
       0
       0
       0
       0
       0
       0
       0
       0
       0
       0
       0
       0
       0
       0
       0
       0
       0
       0
       0
       0
       0
       0
       0
       0
       0
       0
       0
       0
       1
       0
       0
       0
       0
       0
       0
       0
       0
       0
       0
       0
       0
       0
       0
       0
       0
       0
       0
       0
       0
       0
       0
       0
       0
       0
       0
       0
       0
       0
       1
       0
       0
       0
       0
       0
       0
       0
       0
       0
       0
       0
       0
       0
       0
       0
       0
       0
       0
       0
       0
       0
       0
       0
       0
       0
       0
       0
       0
       0
       0
       0
       0
       0
       0
       0
       0
       0
       0
       0
       0
       0
       0
       0
       0
       0
       0
       0
       0
       0
       0
       0
       0
       0
       0
       0
       0
       0
       0
       0
       0
       0
       0
       0
       0
       0
       0
       0
       0
       0
       0
       0
       0
       0
       0
       0
       0
       0
       0
       0
       0
       0
       0
       0
       0
       0
       0
       0
       0
       0
       0
       0
       0
       0
       0
       0
       0
       0
       0
       0
       0
       0
       0
       0
       0
       0
       0
       0
       0
       0
       0
       0
       0
       0
       0
       0
       0
       0
       0
       0
       0
       0
       0
       0
       0
       0
       0
       0
       0
       0
       0
       0
       0
       0
       0
       0
       0
       0
       0
       0
       0
       0
       0
       0
       0
       0
       0
       0
       0
       0
       0
       0
       0
       0
       0
       0
       0
       0
       0
       0
       0
       0
       0
       0
       0
       0
       0
       0
       0
       0
       0
       0
       0
       0
       0
       0
       0
       0
       0
       0
       0
       0
       0
       0
       0
       0
       0
       0
       0
       0
       0
       0
       0
       0
       0
       0
       0
       0
       0
       0
       0
       0
       0
       0
       0
       0
       0
       0
       0
       0
       0
       0
       0
       0
       0
       0
       0
       0
       0
       0
       0
       0
       0
       0
       0
       0
       0
       0
       0
       0
       0
       0
       0
       0
       0
       0
       0
       0
       0
       0
       0
       0
       0
       0
       0
       0
       0
       0
       0
       0
       0
       0
       0
       0
       0
       0
       0
       0
       0
       0
       0
       0
       0
       0
       0
       0
       0
       0
       0
       0
       0
       0
       0
       0
       0
       0
       0
       0
       0
       0
       0
       0
       0
       0
       0
       0
       0
       0
       0
       0
       0
       0
       0
       0
       0
       0
       0
       0
       0
       0
       0
       0
       0
       0
       0
       0
       0
       0
       0
       0
       0
       0
       0
       0
       0
       0
       0
       0
       0
       0
       0
       0
       0
       0
       0
       0
       0
       0
       0
       0
       0
       0
       0
       0
       0
       0
       0
       0
       0
       0
       0
       0
       0
       0
       0
       0
       0
       0
       0
       0
       0
       0
       0
       0
       0
       0
       0
       0
       0
       0
       0
       0
       0
       0
       0
       0
       0
       0
       0
       0
       0
       0
       0
       0
       0
       0
       0
       0
       0
       0
       0
       0
       0
       0
       0
       0
       0
       0
       0
       0
       0
       0
       0
       0
       0
       0
       0
       0
       0
       0
       0
       0
       0
       0
       0
       0
       0
       0
       0
       0
       0
       0
       0
       0
       0
       0
       0
       0
       0
       0
       0
       0
       0
       0
       0
       0
       0
       0
       0
       0
       0
       0
       0
       0
       0
       0
       0
       0
       0
       0
       0
       0
       0
       0
       0
       0
       0
       0
       0
       0
       0
       0
       0
       0
       0
       0
       0
       0
       0
       0
       0
       0
       0
       0
       0
       0
       0
       0
       0
       0
       0
       0
       0
       0
       0
       0
       0
       0
       0
       0
       0
       0
       0
       0
       0
       0
       0
       0
       0
       0
       0
       0
       0
       0
       0
       0
       0
       0
       0
       0
       0
       0
       0
       0
       0
       0
       0
       0
       0
       0
       0
       0
       0
       0
       0
       0
       0
       0
       0
       0
       0
       0
       0
       0
       0
       0
       0
       0
       0
       0
       0
       0
       0
       0
       0
       0
       0
       0
       0
       0
       0
       0
       0
       0
       0
       0
       0
       0
       0
       0
       0
       0
       0
       0
       0
       0
       0
       0
       0
       0
       0
       0
       0
       0
       0
       0
       0
       0
       0
       0
       0
       0
       0
       0
       0
       0
       0
       0
       0
       0
       0
       0
       0
       0
       0
       0
       0
       0
       0
       0
       0
       0
       0
       0
       0
       0
       0
       0
       0
       0
       0
       0
       0
       0
       0
       0
       0
       0
       0
       0
       0
       0
       0
       0
       0
       0
       0
       0
       0
       0
       0
       0
       0
       0
       0
       0
       0
       0
       0
       0
       0
       0
       0
       0
       0
       0
       0
       0
       0
       0
       0
       0
       0
       0
       0
       0
       0
       0
       0
       0
       0
       0
       0
       0
       0
       0
       0
       0
       0
       0
       0
       0
       0
       0
       0
       0
       0
       0
       0
       0
       0
       0
       0
       0
       0
       0
       0
       0
       0
       0
       0
       0
       0
       0
       0
       0
       0
       0
       0
       0
       0
       0
       0
       0
       0
       0
       0
       0
       0
       0
       0
       0
       0
       0
       0
       0
       0
       0
       0
       0
       0
       0
       0
       0
       0
       0
       0
       0
       0
       0
       0
       0
       0
       0
       0
       0
       0
       0
       0
       0
       0
       0
       0
       0
       0
       0
       0
       0
       0
       0
       0
       0
       0
       0
       0
       0
       0
       0
       0
       0
       0
       0
       0
       0
       0
       0
       0
       0
       0
       0
       0
       0
       0
       0
       0
$ROI:
1
49 1635
$PRESETS:
None
0
0
$ENER_FIT:
0.000000 3.492040
$MCA_CAL:
3
0.000000E+000 3.492040E+000 0.000000E+000 keV
$SHAPE_CAL:
3
1.303160E+002 0.000000E+000 0.000000E+000
