$SPEC_ID:
No sample description was entered.
$SPEC_REM:
DET# 2
DETDESC# JLAB-18 MCB 131
AP# Maestro Version 7.01
$DATE_MEA:
12/08/2022 17:33:46
$MEAS_TIM:
318 320
$DATA:
0 2047
       0
       0
       0
       0
       0
       0
       0
       0
       0
       0
       0
       0
       0
       0
       0
       0
       0
       0
       0
       0
       0
       0
       0
       0
       0
       0
       0
       0
       0
       0
       0
       0
       0
       0
       0
       0
       0
       0
       0
       0
       0
       0
       0
       0
       0
       0
       0
       0
       0
       0
       0
       0
       0
       0
       0
       0
       0
       0
       0
       0
       0
       0
       0
       0
       0
       0
       0
       0
       0
       0
       0
       0
       0
       0
       0
       0
       0
       0
       0
       0
       0
       0
       0
       0
       0
       0
       0
       0
       0
       0
       0
       0
       0
       0
       0
       0
       0
       0
       0
       0
       0
       0
       0
       0
       0
       0
       0
       0
       0
       2
       3
       0
       0
       2
       1
       1
       2
       0
       1
       1
       1
       0
       1
       0
       0
       1
       2
       1
       0
       2
       1
       3
       1
       0
       1
       1
       1
       0
       0
       2
       1
       1
       2
       1
       0
       0
       1
       1
       1
       3
       3
       0
       1
       1
       1
       2
       2
       0
       4
       3
       1
       1
       0
       3
       1
       1
       1
       3
       2
       1
       2
       1
       0
       3
       2
       0
       1
       2
       1
       0
       1
       2
       0
       2
       3
       1
       1
       1
       2
       1
       3
       1
       1
       1
       2
       1
       1
       3
       3
       1
       1
       1
       2
       1
       2
       1
       0
       1
       3
       4
       0
       1
       2
       4
       1
       4
       2
       4
       0
       0
       2
       3
       1
       2
       0
       0
       4
       1
       2
       3
       2
       1
       4
       2
       6
       4
       6
       7
       5
       6
       3
       4
       5
       6
       2
       6
       2
       3
      10
       5
       1
       3
       0
       5
       3
       5
       6
       2
       1
       1
       4
       2
       2
       2
       1
       5
       1
       1
       1
       4
       2
       3
       2
       6
       3
       2
       6
       5
       2
       3
       2
       2
       3
       2
       1
       4
       4
       4
       4
       5
       5
       4
       2
       3
       5
       5
       7
       3
       4
       2
       8
       7
       4
       4
       7
       6
       6
       1
       7
       2
       7
       3
       5
       3
       5
       4
       1
       5
       3
       4
       9
       2
       7
       4
       7
       6
       7
       6
       5
       9
       7
       3
       6
       5
       6
       3
       6
       6
       6
       5
      11
       5
       8
       7
       7
       9
       6
      12
       9
       7
       6
       5
       6
       3
       9
       7
      10
       9
      11
       4
       7
       5
       3
       6
       6
       5
       8
      10
      15
       8
       7
       7
       8
       7
      10
       6
       7
       9
       7
       8
       7
      13
       8
       9
      10
       9
       9
       8
       6
       9
      10
       6
       7
       8
      10
      12
      10
      10
       6
       5
      14
      10
      12
       9
       9
      10
       8
      22
      12
       9
      12
      10
      11
      11
       8
       9
       8
      13
      10
      14
      12
      13
      11
      15
      12
      11
      10
      16
       9
      13
      12
      14
      12
      13
      21
      13
       8
      15
      11
      15
      11
      16
      14
      14
      12
      15
      18
       9
      15
      16
      10
      13
      14
      15
      18
      13
      18
      18
      11
      12
      15
      17
       9
      18
      15
      15
      15
      13
      15
       9
      18
       9
      18
      12
      18
      17
      14
      15
      22
      12
      14
      12
      12
      18
      16
      13
      12
      14
      18
      10
      12
      14
      16
      16
      15
      18
      21
      21
      14
      24
      18
      18
      14
      16
      15
      18
      19
      10
      14
      16
      17
      16
      18
      14
      17
      15
      26
      22
      13
      14
      11
      18
      28
      18
      15
      14
      17
      19
      14
      16
      17
      11
      19
      16
      15
      14
      19
      26
      14
      17
      16
      14
      11
      17
      15
      24
      15
      27
      22
      16
      25
      16
      13
      13
      14
      11
      20
      16
      17
      20
      25
      21
      20
      17
      12
      22
      12
      15
      20
      17
      16
      24
      13
      19
      21
      15
      23
      17
      18
      10
      23
      11
      15
      26
      20
      15
      16
      15
      18
      16
      29
      17
      14
      13
      15
      13
      13
      14
      21
      24
      12
      17
      11
      10
      19
      14
      18
      23
      22
      18
      12
      23
      16
      15
      14
      12
      17
      17
      13
      14
       7
      14
      14
       7
      15
      14
      14
      12
      10
      18
      10
      13
      11
       9
      11
       6
      16
      12
      13
      10
      16
      16
       7
      14
      11
      10
       9
      11
      19
      19
      15
      13
       7
      13
      12
      19
      10
       9
       8
       8
      11
      14
      16
       9
      13
       7
       8
      13
       9
      14
      15
       7
      10
       8
      12
       6
      10
       6
      10
      14
      13
       8
      12
       7
      11
      11
       9
       9
      10
      15
       7
       7
       6
      11
       7
      12
      12
       1
       7
       9
       5
       4
      10
       6
       5
       9
       7
       6
       3
       2
      11
       6
       5
       5
       3
      10
       5
       7
       7
       3
       8
       7
       6
       6
       5
       7
       5
       7
       8
       6
       7
       4
       2
       3
       2
       7
       2
       4
       7
       5
       5
       4
       4
       2
       5
       9
       3
       0
       4
       5
       3
       2
       5
       1
       5
       2
       1
       4
       3
       4
       3
       1
       3
       1
       2
       5
       5
       5
       4
       1
       2
       2
       1
       3
       1
       1
       2
       1
       2
       1
       0
       1
       2
       3
       1
       1
       2
       0
       0
       4
       1
       0
       1
       1
       1
       1
       2
       0
       1
       2
       2
       1
       1
       2
       1
       0
       0
       4
       0
       1
       0
       0
       0
       1
       1
       0
       1
       1
       2
       0
       1
       0
       0
       0
       0
       1
       0
       0
       0
       0
       1
       0
       1
       0
       1
       1
       0
       2
       0
       0
       1
       1
       0
       1
       0
       0
       1
       1
       0
       0
       0
       1
       1
       0
       0
       1
       0
       1
       0
       0
       1
       1
       0
       0
       0
       0
       0
       0
       0
       0
       0
       0
       0
       0
       0
       0
       0
       0
       0
       0
       0
       0
       0
       0
       0
       0
       0
       0
       0
       0
       0
       0
       0
       0
       0
       0
       0
       0
       0
       0
       0
       0
       0
       0
       0
       0
       0
       1
       0
       0
       0
       0
       0
       0
       0
       0
       0
       0
       0
       0
       0
       0
       0
       0
       0
       0
       0
       0
       0
       0
       0
       0
       0
       0
       0
       0
       0
       0
       0
       0
       0
       0
       0
       0
       0
       0
       0
       0
       0
       0
       0
       0
       0
       0
       0
       0
       0
       0
       0
       0
       0
       0
       0
       0
       0
       0
       0
       0
       0
       0
       0
       0
       0
       0
       0
       0
       0
       0
       0
       0
       0
       0
       0
       0
       0
       0
       0
       0
       0
       0
       0
       0
       0
       0
       0
       0
       0
       0
       0
       0
       0
       0
       0
       0
       0
       0
       0
       0
       0
       0
       0
       0
       0
       0
       0
       0
       0
       0
       1
       0
       0
       0
       0
       0
       0
       0
       0
       0
       0
       0
       0
       0
       0
       0
       0
       0
       0
       0
       0
       0
       0
       0
       0
       0
       0
       0
       0
       0
       0
       0
       0
       0
       0
       0
       0
       0
       0
       0
       0
       0
       0
       0
       0
       0
       0
       0
       0
       0
       0
       0
       0
       0
       0
       0
       0
       0
       0
       0
       0
       0
       0
       0
       0
       0
       0
       0
       0
       0
       0
       0
       0
       0
       0
       0
       0
       0
       0
       0
       0
       0
       0
       0
       0
       0
       0
       0
       0
       0
       0
       0
       0
       0
       0
       0
       0
       0
       0
       0
       0
       0
       0
       0
       0
       0
       0
       0
       0
       0
       0
       0
       0
       0
       0
       0
       0
       0
       0
       0
       0
       0
       0
       0
       0
       0
       0
       0
       0
       0
       0
       0
       0
       0
       0
       0
       0
       0
       0
       0
       0
       0
       0
       0
       0
       0
       0
       0
       0
       0
       0
       0
       0
       0
       0
       0
       0
       0
       0
       0
       0
       0
       0
       0
       0
       0
       0
       0
       0
       0
       0
       0
       0
       0
       0
       0
       0
       0
       0
       0
       0
       0
       0
       0
       0
       0
       0
       0
       0
       0
       0
       0
       0
       0
       0
       0
       0
       0
       0
       0
       0
       0
       0
       0
       0
       0
       0
       0
       0
       0
       0
       0
       0
       0
       0
       0
       0
       0
       0
       0
       0
       0
       0
       0
       0
       0
       0
       0
       0
       0
       0
       0
       0
       0
       0
       0
       0
       0
       0
       0
       0
       0
       0
       0
       0
       0
       0
       0
       0
       0
       0
       0
       0
       0
       0
       0
       0
       0
       0
       0
       0
       0
       0
       0
       0
       0
       0
       0
       0
       0
       0
       0
       0
       0
       0
       0
       0
       0
       0
       0
       0
       0
       0
       0
       0
       0
       0
       0
       0
       0
       0
       0
       0
       0
       0
       0
       0
       0
       0
       0
       0
       0
       0
       0
       0
       0
       0
       0
       0
       0
       0
       0
       0
       0
       0
       0
       0
       0
       0
       0
       0
       0
       0
       0
       0
       0
       0
       0
       0
       0
       0
       0
       0
       0
       0
       0
       0
       0
       0
       0
       0
       0
       0
       0
       0
       0
       0
       0
       0
       0
       0
       0
       0
       0
       0
       0
       0
       0
       0
       0
       0
       0
       0
       0
       0
       0
       0
       0
       0
       0
       0
       0
       0
       0
       0
       0
       0
       0
       0
       0
       0
       0
       0
       0
       0
       0
       0
       0
       0
       0
       0
       0
       0
       0
       0
       0
       0
       0
       0
       0
       0
       0
       0
       0
       0
       0
       0
       0
       0
       0
       0
       0
       0
       0
       0
       0
       0
       0
       0
       0
       0
       0
       0
       0
       0
       0
       0
       0
       0
       0
       0
       0
       0
       0
       0
       0
       0
       0
       0
       0
       0
       0
       0
       0
       0
       0
       0
       0
       0
       0
       0
       0
       0
       0
       0
       0
       0
       0
       0
       0
       0
       0
       0
       0
       0
       0
       0
       0
       0
       0
       0
       0
       0
       0
       0
       0
       0
       0
       0
       0
       0
       0
       0
       0
       0
       0
       0
       0
       0
       0
       0
       0
       0
       0
       0
       0
       0
       0
       0
       0
       0
       0
       0
       0
       0
       0
       0
       0
       0
       0
       0
       0
       0
       0
       0
       0
       0
       0
       0
       0
       0
       0
       0
       0
       0
       0
       0
       0
       0
       0
       0
       0
       0
       0
       0
       0
       0
       0
       0
       0
       0
       0
       0
       0
       0
       0
       0
       0
       0
       0
       0
       0
       0
       0
       0
       0
       0
       0
       0
       0
       0
       0
       0
       0
       0
       0
       0
       0
       0
       0
       0
       0
       0
       0
       0
       0
       0
       0
       0
       0
       0
       0
       0
       0
       0
       0
       0
       0
       0
       0
       0
       0
       0
       0
       0
       0
       0
       0
       0
       0
       0
       0
       0
       0
       0
       0
       0
       0
       0
       0
       0
       0
       0
       0
       0
       0
       0
       0
       0
       0
       0
       0
       0
       0
       0
       0
       0
       0
       0
       0
       0
       0
       0
       0
       0
       0
       0
       0
       0
       0
       0
       0
       0
       0
       0
       0
       0
       0
       0
       0
       0
       0
       0
       0
       0
       0
       0
       0
       0
       0
       0
       0
       0
       0
       0
       0
       0
       0
       0
       0
       0
       0
       0
       0
       0
       0
       0
       0
       0
       0
       0
       0
       0
       0
       0
       0
       0
       0
       0
       0
       0
       0
       0
       0
       0
       0
       0
       0
       0
       0
       0
       0
       0
       0
       0
       0
       0
       0
       0
       0
       0
       0
       0
       0
       0
       0
       0
       0
       0
       0
       0
       0
       0
       0
       0
       0
       0
       0
       0
       0
       0
       0
       0
       0
       0
       0
       0
       0
       0
       0
       0
       0
       0
       0
       0
       0
       0
       0
       0
       0
       0
       0
       0
       0
       0
       0
       0
       0
       0
       0
       0
       0
       0
       0
       0
       0
       0
       0
       0
       0
       0
       0
       0
       0
       0
       0
       0
       0
       0
       0
       0
       0
       0
       0
       0
       0
       0
       0
       0
       0
       0
       0
       0
       0
       0
       0
       0
       0
       0
       0
       0
       0
       0
       0
       0
       0
       0
       0
       0
       0
       0
       0
       0
       0
       0
       0
       0
       0
       0
       0
       0
       0
       0
       0
       0
       0
       0
       0
       0
       0
       0
       0
       0
       0
       0
       0
       0
       0
       0
       0
       0
       0
       0
       0
       0
       0
       0
       0
       0
       0
       0
       0
       0
       0
       0
       0
       0
       0
       0
       0
       0
       0
       0
       0
       0
       0
       0
       0
       0
       0
       0
       0
       0
       0
       0
       0
       0
       0
       0
       0
       0
       0
       0
       0
       0
       0
       0
       0
       0
       0
       0
       0
       0
       0
       0
       0
       0
       0
       0
       0
       0
       0
       0
       0
       0
       0
       0
       0
       0
       0
       0
       0
       0
       0
       0
       0
       0
       0
       0
       0
       0
       0
       0
       0
       0
       0
       0
       0
       0
       0
       0
       0
       0
       0
       0
       0
       0
       0
       0
       0
       0
       0
       0
       0
       0
       0
       0
       0
       0
       0
       0
       0
       0
       0
       0
       0
       0
       0
       0
       0
       0
       0
       0
       0
       0
       0
       0
       0
       0
       0
       0
       0
       0
       0
       0
       0
       0
       0
       0
       0
       0
       0
       0
       0
       0
       0
       0
       0
       0
       0
       0
       0
       0
       0
       0
       0
       0
       0
       0
       0
       0
       0
       0
       0
       0
       0
       0
       0
       0
       0
       0
       0
       0
       0
       0
       0
       0
       0
       0
       0
       0
       0
       0
       0
       0
       0
       0
       0
       0
       0
$ROI:
1
49 1635
$PRESETS:
None
0
0
$ENER_FIT:
0.000000 3.492040
$MCA_CAL:
3
0.000000E+000 3.492040E+000 0.000000E+000 keV
$SHAPE_CAL:
3
1.303160E+002 0.000000E+000 0.000000E+000
