$SPEC_ID:
No sample description was entered.
$SPEC_REM:
DET# 2
DETDESC# JLAB-18 MCB 131
AP# Maestro Version 7.01
$DATE_MEA:
12/08/2022 15:34:18
$MEAS_TIM:
332 333
$DATA:
0 2047
       0
       0
       0
       0
       0
       0
       0
       0
       0
       0
       0
       0
       0
       0
       0
       0
       0
       0
       0
       0
       0
       0
       0
       0
       0
       0
       0
       0
       0
       0
       0
       0
       0
       0
       0
       0
       0
       0
       0
       0
       0
       0
       0
       0
       0
       0
       0
       0
       0
       0
       0
       0
       0
       0
       0
       0
       0
       0
       0
       0
       0
       0
       0
       0
       0
       0
       0
       0
       0
       0
       0
       0
       0
       0
       0
       0
       0
       0
       0
       0
       0
       0
       0
       0
       0
       0
       0
       0
       0
       0
       0
       0
       0
       0
       0
       0
       0
       0
       0
       0
       0
       0
       0
       0
       0
       0
       1
       0
       0
       0
       1
       0
       0
       0
       1
       0
       0
       1
       1
       0
       0
       0
       0
       0
       0
       0
       1
       0
       0
       0
       0
       1
       0
       1
       0
       0
       0
       1
       0
       0
       0
       0
       1
       0
       0
       1
       0
       1
       0
       1
       0
       0
       0
       0
       0
       0
       0
       0
       0
       0
       0
       2
       0
       0
       1
       0
       0
       0
       0
       0
       0
       0
       1
       2
       0
       0
       0
       1
       2
       0
       1
       0
       1
       0
       1
       0
       0
       2
       0
       0
       1
       1
       0
       1
       0
       1
       1
       1
       0
       0
       0
       0
       1
       0
       0
       0
       0
       0
       0
       0
       0
       0
       0
       0
       0
       0
       0
       0
       1
       0
       1
       0
       0
       0
       0
       0
       0
       1
       0
       0
       2
       0
       0
       0
       0
       0
       0
       0
       0
       0
       0
       0
       0
       0
       0
       0
       0
       0
       0
       0
       0
       0
       0
       0
       1
       1
       0
       0
       0
       0
       1
       0
       0
       0
       1
       0
       0
       0
       0
       1
       0
       0
       0
       0
       0
       0
       0
       1
       0
       0
       1
       0
       0
       0
       1
       0
       0
       0
       0
       0
       0
       0
       0
       0
       0
       0
       0
       2
       0
       0
       0
       0
       1
       1
       0
       0
       0
       0
       0
       0
       0
       0
       0
       0
       0
       0
       0
       1
       1
       0
       0
       1
       0
       0
       1
       0
       0
       1
       0
       0
       0
       0
       0
       0
       0
       0
       0
       0
       0
       1
       0
       1
       0
       0
       0
       0
       0
       0
       0
       2
       0
       1
       0
       0
       0
       0
       1
       0
       0
       0
       0
       0
       0
       0
       0
       0
       0
       3
       0
       0
       0
       0
       0
       0
       1
       1
       0
       0
       1
       0
       0
       0
       0
       0
       0
       1
       1
       0
       0
       0
       0
       1
       0
       1
       0
       0
       1
       0
       0
       0
       0
       0
       0
       0
       0
       2
       0
       1
       1
       0
       0
       0
       0
       1
       0
       2
       1
       1
       0
       0
       0
       1
       0
       1
       1
       1
       0
       1
       1
       0
       0
       1
       0
       0
       0
       0
       0
       0
       2
       0
       0
       0
       0
       2
       1
       0
       0
       0
       0
       0
       0
       0
       1
       0
       0
       1
       1
       0
       1
       1
       1
       0
       1
       0
       0
       0
       1
       0
       1
       0
       1
       0
       0
       1
       0
       0
       0
       0
       0
       0
       1
       0
       0
       1
       1
       0
       1
       0
       0
       0
       0
       1
       1
       1
       1
       1
       0
       2
       0
       0
       1
       0
       0
       1
       1
       1
       1
       2
       1
       0
       1
       1
       2
       1
       3
       2
       0
       1
       0
       0
       0
       3
       1
       1
       0
       2
       0
       1
       1
       0
       1
       0
       1
       0
       1
       0
       0
       0
       2
       0
       0
       2
       0
       0
       0
       2
       0
       0
       0
       1
       2
       0
       0
       1
       0
       0
       2
       1
       0
       1
       1
       0
       1
       0
       0
       3
       1
       1
       1
       0
       0
       1
       1
       1
       0
       1
       4
       2
       2
       0
       0
       0
       0
       0
       0
       2
       1
       2
       0
       0
       2
       1
       1
       2
       3
       1
       1
       0
       2
       2
       1
       1
       2
       0
       1
       2
       2
       1
       2
       1
       1
       4
       1
       2
       0
       4
       2
       1
       3
       0
       1
       2
       3
       1
       4
       2
       1
       3
       0
       0
       3
       1
       1
       2
       3
       1
       1
       2
       0
       0
       2
       1
       1
       1
       5
       4
       2
       1
       5
       2
       1
       4
       4
       3
       2
       3
       4
       0
       3
       1
       3
       4
       3
       4
       3
       4
       5
       0
       3
       1
       7
       2
       2
       2
       2
       5
       3
       4
       1
       3
       3
       4
       1
       0
       1
       5
       3
       3
       7
       2
       1
       5
       1
       4
       2
       4
       3
       8
       4
       3
       3
       6
       2
       6
       5
       3
       3
       7
       8
       2
       4
       4
       1
       2
       1
       3
       2
       5
       3
       7
       2
       3
       3
       3
      10
       4
       4
       7
       4
       1
       7
       9
       9
       4
       5
       5
      11
       8
       4
       5
       7
      10
       8
       9
       4
       7
       5
       7
       6
       1
       8
       9
      10
       6
       6
       5
       7
       8
      11
      11
      13
       7
      10
       7
       3
       4
      12
       8
       2
       8
       8
       8
       4
      10
      14
      10
      11
       7
       6
       9
       8
      17
       9
       7
       7
      13
       9
      13
       9
      13
       7
       9
      17
       8
      16
       6
      12
       5
      19
      18
      10
      11
       8
      13
       9
       9
      16
      17
      15
      13
      17
       8
      12
       9
       8
      16
      18
      17
       8
       9
      15
       6
      11
      15
      13
      17
      19
      12
      17
      16
      19
      19
      19
      17
      19
      23
      19
      26
      17
      21
      14
      14
      12
      15
      11
      28
      14
      24
      20
      20
      20
      24
      21
      14
      15
      14
      19
      15
      21
      17
      31
      26
      18
      22
      23
      12
      19
      19
      21
      16
      14
      20
      17
      25
      15
      23
      21
      17
      27
      24
      29
      22
      21
      30
      28
      23
      27
      28
      16
      26
      27
      30
      20
      20
      37
      28
      23
      28
      23
      24
      33
      33
      20
      18
      27
      25
      32
      33
      31
      31
      29
      26
      26
      16
      24
      26
      31
      39
      27
      32
      19
      32
      33
      25
      37
      37
      32
      31
      25
      28
      27
      25
      34
      19
      36
      27
      37
      23
      26
      30
      33
      23
      30
      21
      34
      30
      25
      30
      39
      20
      26
      28
      31
      28
      19
      25
      31
      22
      33
      27
      11
      30
      24
      26
      29
      23
      30
      26
      23
      29
      26
      28
      24
      12
      21
      25
      28
      31
      25
      23
      23
      31
      15
      25
      23
      27
      30
      27
      30
      22
      23
      19
      20
      26
      19
      27
      32
      26
      25
      23
      26
      19
      21
      22
      16
      16
      13
      13
      19
      23
      18
      21
      18
      13
      23
      21
      15
      14
      23
      17
      17
      23
      12
      15
      15
      15
      28
      16
      20
      15
      16
      16
      23
      15
      15
      14
      16
      13
      11
      18
      11
      11
      13
      15
      14
      12
      16
      10
      15
      13
       6
      13
      13
       9
       9
      13
      12
      14
       7
       7
       9
       7
      14
       9
       5
       4
      12
      12
      10
      11
       2
       6
       9
       5
       9
       4
       4
       5
       2
       5
       4
       6
       7
       3
       5
       8
       5
       4
       5
       6
       1
       5
       2
       9
       5
       2
       4
       3
      10
       5
       7
       4
       3
       3
       2
       4
       1
       4
       7
       1
       4
       6
       2
       7
       4
       5
       1
       3
       1
       5
       4
       4
       3
       3
       4
       2
       1
       1
       5
       2
       2
       4
       1
       2
       1
       0
       0
       0
       1
       0
       2
       1
       3
       0
       1
       2
       2
       0
       0
       1
       0
       1
       0
       0
       1
       0
       4
       1
       1
       0
       1
       0
       0
       1
       0
       0
       1
       1
       0
       1
       1
       1
       1
       0
       0
       0
       1
       0
       0
       1
       0
       0
       0
       1
       0
       1
       0
       0
       0
       0
       0
       0
       0
       0
       0
       0
       0
       0
       0
       1
       0
       0
       1
       0
       0
       0
       0
       0
       0
       0
       0
       0
       0
       0
       1
       0
       0
       0
       0
       0
       0
       0
       1
       0
       0
       0
       0
       0
       0
       0
       0
       0
       0
       0
       0
       0
       0
       0
       0
       0
       0
       0
       0
       0
       0
       0
       0
       0
       0
       1
       0
       0
       0
       0
       0
       0
       0
       0
       0
       0
       0
       0
       0
       0
       0
       0
       0
       0
       0
       0
       0
       0
       0
       0
       0
       0
       0
       0
       0
       0
       0
       0
       0
       0
       0
       0
       0
       0
       0
       0
       0
       0
       0
       0
       0
       0
       0
       0
       0
       0
       0
       0
       0
       0
       0
       0
       0
       0
       0
       0
       0
       0
       0
       0
       0
       0
       0
       0
       0
       0
       0
       0
       0
       0
       0
       0
       0
       0
       0
       0
       0
       0
       0
       0
       0
       0
       0
       0
       0
       0
       0
       0
       0
       0
       0
       0
       0
       0
       0
       0
       0
       0
       0
       0
       0
       0
       0
       0
       0
       0
       0
       0
       0
       0
       0
       0
       0
       0
       0
       0
       0
       0
       0
       0
       0
       0
       0
       0
       0
       0
       0
       0
       0
       0
       0
       0
       0
       0
       0
       0
       0
       0
       0
       0
       0
       0
       0
       0
       0
       0
       0
       0
       0
       0
       0
       0
       0
       0
       0
       0
       0
       0
       0
       0
       0
       0
       0
       0
       0
       0
       0
       0
       0
       0
       0
       0
       0
       0
       0
       0
       0
       0
       0
       0
       0
       0
       0
       0
       0
       0
       0
       0
       0
       0
       0
       0
       0
       0
       0
       0
       0
       0
       0
       0
       0
       0
       0
       0
       0
       0
       0
       0
       0
       0
       0
       0
       0
       0
       0
       0
       0
       0
       0
       0
       0
       0
       0
       0
       0
       0
       0
       0
       0
       0
       0
       0
       0
       0
       0
       0
       0
       0
       0
       0
       0
       0
       0
       0
       0
       0
       0
       0
       0
       0
       0
       0
       0
       0
       0
       0
       0
       0
       0
       0
       0
       0
       0
       0
       0
       0
       0
       0
       0
       0
       0
       0
       0
       0
       0
       0
       0
       0
       0
       0
       0
       0
       0
       0
       0
       0
       0
       0
       0
       0
       0
       0
       0
       0
       0
       0
       0
       0
       0
       0
       0
       0
       0
       0
       0
       0
       0
       0
       0
       0
       0
       0
       0
       0
       0
       0
       0
       0
       0
       0
       0
       0
       0
       0
       0
       0
       0
       0
       0
       0
       0
       0
       0
       0
       0
       0
       0
       0
       0
       0
       0
       0
       0
       0
       0
       0
       0
       0
       0
       0
       0
       0
       0
       0
       0
       0
       0
       0
       0
       0
       0
       0
       0
       0
       0
       0
       0
       0
       0
       0
       0
       0
       0
       0
       0
       0
       0
       0
       0
       0
       0
       0
       0
       0
       0
       0
       0
       0
       0
       0
       0
       0
       0
       0
       0
       0
       0
       0
       0
       0
       0
       0
       0
       0
       0
       0
       0
       0
       0
       0
       0
       0
       0
       0
       0
       0
       0
       0
       0
       0
       0
       0
       0
       0
       0
       0
       0
       0
       0
       0
       0
       0
       0
       0
       0
       0
       0
       0
       0
       0
       0
       0
       0
       0
       0
       0
       0
       0
       0
       0
       0
       0
       0
       0
       0
       0
       0
       0
       0
       0
       0
       0
       0
       0
       0
       0
       0
       0
       0
       0
       0
       0
       0
       0
       0
       0
       0
       0
       0
       0
       0
       0
       0
       0
       0
       0
       0
       0
       0
       0
       0
       0
       0
       0
       0
       0
       0
       0
       0
       0
       0
       0
       0
       0
       0
       0
       0
       0
       0
       0
       0
       0
       0
       0
       0
       0
       0
       0
       0
       0
       0
       0
       0
       0
       0
       0
       0
       0
       0
       0
       0
       0
       0
       0
       0
       0
       0
       0
       0
       0
       0
       0
       0
       0
       0
       0
       0
       0
       0
       0
       0
       0
       0
       0
       0
       0
       0
       0
       0
       0
       0
       0
       0
       0
       0
       0
       0
       0
       0
       0
       0
       0
       0
       0
       0
       0
       0
       0
       0
       0
       0
       0
       0
       0
       0
       0
       0
       0
       0
       0
       0
       0
       0
       0
       0
       0
       0
       0
       0
       0
       0
       0
       0
       0
       0
       0
       0
       0
       0
       0
       0
       0
       0
       0
       0
       0
       0
       0
       0
       0
       0
       0
       0
       0
       0
       0
       0
       0
       0
       0
       0
       0
       0
       0
       0
       0
       0
       0
       0
       0
       0
       0
       0
       0
       0
       0
       0
       0
       0
       0
       0
       0
       0
       0
       0
       0
       0
       0
       0
       0
       0
       0
       0
       0
       0
       0
       0
       0
       0
       0
       0
       0
       0
       1
       0
       0
       0
       0
       0
       0
       0
       0
       0
       0
       0
       0
       0
       0
       0
       0
       0
       0
       0
       0
       0
       0
       0
       0
       0
       0
       0
       0
       0
       0
       0
       0
       0
       0
       0
       0
       0
       0
       0
       0
       0
       0
       0
       0
       0
       0
       0
       0
       0
       0
       0
       0
       0
       0
       0
       0
       0
       0
       0
       0
       0
       0
       0
       0
       0
       0
       0
       0
       0
       0
       0
       0
       0
       0
       0
       0
       0
       0
       0
       0
       0
       0
       0
       0
       0
       0
       0
       0
       0
       0
       0
       0
       0
       0
       0
       0
       0
       0
       0
       0
       0
       0
       0
       0
       0
       0
       0
       0
       0
       0
       0
       0
       0
       0
       0
       0
       0
       0
       0
       0
$ROI:
1
49 1635
$PRESETS:
None
0
0
$ENER_FIT:
0.000000 3.492040
$MCA_CAL:
3
0.000000E+000 3.492040E+000 0.000000E+000 keV
$SHAPE_CAL:
3
1.303160E+002 0.000000E+000 0.000000E+000
