$SPEC_ID:
No sample description was entered.
$SPEC_REM:
DET# 2
DETDESC# JLAB-18 MCB 131
AP# Maestro Version 7.01
$DATE_MEA:
12/08/2022 15:09:12
$MEAS_TIM:
342 343
$DATA:
0 2047
       0
       0
       0
       0
       0
       0
       0
       0
       0
       0
       0
       0
       0
       0
       0
       0
       0
       0
       0
       0
       0
       0
       0
       0
       0
       0
       0
       0
       0
       0
       0
       0
       0
       0
       0
       0
       0
       0
       0
       0
       0
       0
       0
       0
       0
       0
       0
       0
       0
       0
       0
       0
       0
       0
       0
       0
       0
       0
       0
       0
       0
       0
       0
       0
       0
       0
       0
       0
       0
       0
       0
       0
       0
       0
       0
       0
       0
       0
       0
       0
       0
       0
       0
       0
       0
       0
       0
       0
       0
       0
       0
       0
       0
       0
       0
       0
       0
       0
       0
       0
       0
       0
       0
       0
       0
       0
       0
       0
       0
       0
       1
       1
       1
       1
       1
       0
       2
       0
       1
       0
       1
       0
       1
       0
       0
       0
       0
       0
       1
       0
       0
       0
       0
       0
       0
       0
       0
       0
       0
       0
       1
       0
       0
       0
       0
       0
       0
       1
       0
       0
       0
       1
       0
       1
       1
       0
       0
       0
       0
       0
       2
       1
       1
       0
       1
       0
       0
       0
       0
       0
       0
       1
       1
       0
       0
       1
       0
       1
       0
       0
       1
       2
       0
       0
       0
       1
       0
       2
       0
       0
       0
       1
       1
       1
       0
       0
       0
       0
       0
       2
       1
       0
       0
       0
       1
       0
       1
       1
       0
       1
       0
       0
       0
       0
       0
       0
       0
       0
       0
       1
       0
       0
       1
       0
       1
       0
       0
       0
       0
       2
       1
       0
       0
       0
       1
       1
       0
       2
       0
       0
       0
       0
       0
       1
       0
       0
       0
       0
       0
       0
       1
       0
       0
       0
       0
       2
       0
       0
       1
       1
       1
       0
       2
       0
       1
       0
       0
       1
       1
       0
       0
       2
       1
       0
       0
       0
       0
       1
       0
       0
       1
       0
       1
       0
       0
       0
       0
       0
       1
       0
       0
       1
       1
       1
       0
       0
       0
       2
       0
       0
       0
       1
       0
       0
       1
       1
       0
       1
       0
       0
       0
       0
       0
       0
       0
       0
       0
       0
       0
       1
       1
       1
       0
       1
       0
       1
       0
       0
       1
       0
       0
       0
       0
       0
       0
       1
       1
       0
       0
       2
       0
       3
       0
       1
       0
       0
       1
       0
       0
       0
       0
       0
       1
       0
       1
       0
       0
       1
       0
       1
       1
       0
       0
       0
       0
       0
       0
       1
       0
       0
       0
       1
       0
       2
       0
       0
       0
       0
       0
       1
       0
       1
       0
       0
       0
       0
       1
       1
       1
       1
       0
       0
       3
       1
       3
       0
       0
       2
       0
       0
       1
       0
       0
       1
       0
       0
       1
       2
       1
       4
       1
       0
       0
       2
       0
       0
       0
       0
       0
       1
       0
       2
       0
       1
       0
       0
       0
       1
       0
       1
       1
       2
       1
       1
       2
       0
       0
       1
       1
       2
       1
       0
       0
       1
       0
       1
       0
       1
       0
       0
       0
       1
       0
       0
       0
       0
       0
       1
       0
       1
       0
       1
       1
       1
       2
       2
       0
       1
       0
       0
       1
       0
       2
       0
       2
       1
       0
       0
       1
       0
       2
       2
       0
       1
       1
       2
       1
       2
       0
       0
       0
       1
       1
       1
       0
       3
       0
       0
       0
       1
       1
       1
       1
       0
       0
       2
       2
       1
       0
       1
       1
       0
       1
       1
       3
       0
       0
       3
       0
       1
       1
       1
       0
       1
       2
       0
       1
       0
       1
       1
       1
       2
       0
       1
       2
       0
       3
       0
       0
       0
       1
       0
       2
       4
       0
       0
       0
       3
       0
       2
       3
       0
       1
       1
       3
       1
       1
       1
       2
       1
       0
       0
       0
       1
       3
       0
       0
       1
       1
       3
       1
       0
       1
       1
       0
       1
       0
       2
       0
       0
       0
       3
       4
       3
       0
       0
       1
       1
       0
       1
       0
       1
       2
       0
       1
       0
       3
       5
       3
       1
       2
       0
       2
       0
       0
       2
       2
       1
       1
       3
       0
       3
       2
       0
       3
       1
       2
       1
       0
       4
       3
       2
       1
       2
       0
       1
       1
       1
       0
       2
       0
       1
       4
       4
       4
       2
       1
       4
       2
       4
       1
       2
       0
       2
       6
       2
       3
       2
       3
       2
       3
       0
       2
       4
       4
       4
       3
       9
       3
       2
       3
       4
       5
       3
       2
       0
       4
       1
       7
       3
       4
       4
       3
       2
       1
       2
       5
       5
       2
       4
       0
       4
       4
       4
       7
       5
       2
       9
       3
       3
       4
       6
       5
       5
       2
       2
       6
       6
       3
       4
       2
       8
       3
       5
       6
       9
       5
       5
       4
       3
       5
       8
       5
       8
      10
       3
       7
       4
       8
      11
       8
       7
       7
       8
       6
       8
       7
      11
       8
       8
       5
       7
      10
      11
       4
       7
      11
       3
       8
       9
      10
       5
       9
      12
      12
       9
      13
       8
       8
       8
      14
       9
       9
      12
      11
      11
      13
       9
      10
       9
      13
      13
      11
      11
      12
      11
      12
      10
      12
      11
      12
      14
      10
      16
      18
       6
      10
      13
      15
      19
       9
       9
      12
      16
      16
       6
      19
      15
      21
      13
      28
      16
      13
      15
      21
      14
      11
      11
      21
      14
      23
      15
      16
      13
      21
      21
      18
      12
      15
      21
      25
      29
      26
      19
      12
      26
      21
      24
      19
      28
      20
      23
      23
      14
      29
      31
      21
      23
      12
      18
      21
      28
      22
      23
      16
      21
      27
      25
      33
      38
      21
      30
      31
      27
      31
      27
      33
      23
      25
      32
      29
      24
      21
      42
      28
      32
      30
      48
      21
      27
      35
      42
      28
      30
      30
      35
      29
      28
      37
      33
      31
      28
      36
      28
      30
      39
      33
      36
      40
      29
      42
      27
      35
      37
      37
      40
      24
      38
      41
      38
      38
      34
      48
      44
      39
      38
      33
      37
      47
      26
      44
      37
      43
      23
      41
      36
      39
      41
      35
      46
      39
      34
      34
      47
      27
      60
      34
      47
      49
      38
      44
      31
      46
      40
      34
      50
      36
      49
      37
      40
      36
      43
      43
      45
      48
      27
      51
      43
      48
      44
      57
      51
      58
      40
      46
      36
      43
      41
      49
      43
      45
      44
      48
      59
      43
      40
      46
      52
      44
      48
      43
      51
      43
      52
      37
      60
      46
      33
      37
      31
      45
      38
      41
      43
      46
      50
      50
      43
      30
      40
      44
      43
      24
      38
      34
      41
      43
      38
      50
      39
      33
      27
      30
      38
      41
      27
      38
      34
      33
      35
      34
      38
      31
      37
      38
      26
      36
      36
      42
      30
      31
      25
      35
      37
      30
      39
      31
      26
      25
      32
      29
      28
      37
      34
      29
      28
      23
      27
      20
      29
      19
      30
      20
      24
      19
      25
      21
      22
      21
      33
      29
      23
      21
      23
      25
      22
      17
      16
      19
      18
      15
      20
      20
      20
      23
      19
      21
      13
      22
      18
      28
      22
      17
      14
      14
      14
      19
      11
      10
       5
      18
      15
      10
      12
      11
      13
      13
      10
      12
      10
      14
       9
      10
       8
       9
       7
       8
       8
       4
       8
       4
       4
       9
       4
       5
       3
       8
       7
      11
       6
       4
       8
       7
       4
       9
       8
       6
       7
       4
       4
       6
       2
       6
       6
       4
       2
       7
       3
       2
       2
       2
       4
       0
       4
       5
       0
       1
       2
       3
       4
       1
       0
       0
       3
       3
       5
       2
       2
       1
       0
       0
       0
       2
       3
       1
       1
       0
       2
       0
       0
       1
       0
       0
       2
       1
       0
       2
       1
       1
       1
       0
       0
       1
       0
       1
       0
       0
       2
       0
       2
       0
       2
       0
       0
       0
       2
       1
       1
       1
       2
       0
       0
       0
       1
       0
       0
       0
       0
       1
       1
       1
       0
       0
       0
       0
       1
       0
       0
       2
       1
       0
       1
       0
       0
       0
       0
       1
       0
       1
       0
       0
       0
       0
       1
       2
       0
       1
       0
       0
       0
       0
       0
       0
       0
       0
       0
       0
       0
       0
       1
       0
       0
       0
       0
       0
       0
       0
       0
       0
       0
       0
       0
       0
       1
       0
       0
       0
       0
       0
       0
       0
       0
       0
       0
       0
       0
       0
       0
       0
       0
       0
       0
       0
       0
       0
       0
       0
       0
       0
       0
       0
       0
       0
       1
       0
       0
       0
       0
       0
       0
       0
       0
       0
       0
       0
       0
       0
       0
       0
       0
       0
       0
       0
       0
       0
       0
       0
       0
       0
       0
       0
       0
       0
       0
       0
       0
       0
       0
       0
       0
       0
       0
       0
       0
       0
       0
       0
       0
       0
       0
       0
       0
       0
       0
       0
       0
       0
       0
       0
       0
       0
       0
       0
       0
       0
       0
       0
       0
       0
       0
       0
       0
       0
       0
       0
       0
       0
       0
       0
       0
       0
       0
       0
       0
       0
       0
       0
       0
       0
       0
       0
       0
       0
       0
       0
       0
       0
       0
       0
       0
       0
       0
       0
       0
       0
       0
       0
       0
       0
       0
       0
       0
       0
       0
       0
       0
       0
       0
       0
       0
       0
       0
       0
       0
       0
       0
       0
       0
       0
       0
       0
       0
       0
       0
       0
       0
       0
       0
       0
       0
       0
       0
       0
       0
       0
       0
       0
       0
       0
       0
       0
       0
       0
       0
       0
       0
       0
       0
       0
       0
       0
       0
       0
       0
       0
       0
       0
       0
       0
       0
       0
       0
       0
       0
       0
       0
       0
       0
       0
       0
       0
       0
       0
       0
       0
       0
       0
       0
       0
       0
       0
       0
       0
       0
       0
       0
       0
       0
       0
       0
       0
       0
       0
       0
       0
       0
       0
       0
       0
       0
       0
       0
       0
       0
       0
       0
       0
       0
       0
       0
       0
       0
       0
       0
       0
       0
       0
       0
       0
       0
       0
       0
       0
       0
       0
       0
       0
       0
       0
       0
       0
       0
       0
       0
       0
       0
       0
       0
       0
       0
       0
       0
       0
       0
       0
       0
       0
       0
       0
       0
       0
       0
       0
       0
       0
       0
       0
       0
       0
       0
       0
       0
       0
       0
       0
       0
       0
       0
       0
       0
       0
       0
       0
       0
       0
       0
       0
       0
       0
       0
       0
       0
       0
       0
       0
       0
       0
       0
       0
       0
       0
       0
       0
       0
       0
       0
       0
       0
       0
       0
       0
       0
       0
       0
       0
       0
       0
       0
       0
       0
       0
       0
       0
       0
       0
       0
       0
       0
       0
       0
       0
       0
       0
       0
       0
       0
       0
       0
       0
       0
       0
       0
       0
       0
       0
       0
       0
       0
       0
       0
       0
       0
       0
       0
       0
       0
       0
       0
       0
       0
       0
       0
       0
       0
       0
       0
       0
       0
       0
       0
       0
       0
       0
       0
       0
       0
       0
       0
       0
       0
       0
       0
       0
       0
       0
       0
       0
       0
       0
       0
       0
       0
       0
       0
       0
       0
       0
       0
       0
       0
       0
       0
       0
       0
       0
       0
       0
       0
       0
       0
       0
       0
       0
       0
       0
       0
       0
       0
       0
       0
       0
       0
       0
       0
       0
       0
       0
       0
       0
       0
       0
       0
       0
       0
       0
       0
       0
       0
       0
       0
       0
       0
       0
       0
       0
       0
       0
       0
       0
       0
       0
       0
       0
       0
       0
       0
       0
       0
       0
       0
       0
       0
       0
       0
       0
       0
       0
       0
       0
       0
       0
       0
       0
       0
       0
       0
       0
       0
       0
       0
       0
       0
       0
       0
       0
       0
       0
       0
       0
       0
       0
       0
       0
       0
       0
       0
       0
       0
       0
       0
       0
       0
       0
       0
       0
       0
       0
       0
       0
       0
       0
       0
       0
       0
       0
       0
       0
       0
       0
       0
       0
       0
       0
       0
       0
       0
       0
       0
       0
       0
       0
       0
       0
       0
       0
       0
       0
       0
       0
       0
       0
       0
       0
       0
       0
       0
       0
       0
       0
       0
       0
       0
       0
       0
       0
       0
       0
       0
       0
       0
       0
       0
       0
       0
       0
       0
       0
       0
       0
       0
       0
       0
       0
       0
       0
       0
       0
       0
       0
       0
       0
       0
       0
       0
       0
       0
       0
       0
       0
       0
       0
       0
       0
       0
       0
       0
       0
       0
       0
       0
       0
       0
       0
       0
       0
       0
       0
       0
       0
       0
       0
       0
       0
       0
       0
       0
       0
       0
       0
       0
       0
       0
       0
       0
       0
       0
       0
       0
       0
       0
       0
       0
       0
       0
       0
       0
       0
       0
       0
       0
       0
       0
       0
       0
       0
       0
       0
       0
       0
       0
       0
       0
       0
       0
       0
       0
       0
       0
       0
       0
       0
       0
       0
       0
       0
       0
       0
       0
       0
       0
       0
       0
       0
       0
       0
       0
       0
       0
       0
       0
       0
       0
       0
       0
       0
       0
       0
       0
       0
       0
       0
       0
       0
       0
       0
       0
       0
       0
       0
       0
       0
       0
       0
       0
       0
       0
       0
       0
       0
       0
       0
       0
       0
       0
       0
       0
       0
       0
       0
       0
       0
       0
       0
       0
       0
       0
       0
       0
       0
       0
       0
       0
       0
       0
       0
       0
       0
       0
       0
       0
       0
       0
       0
       0
       0
       0
       0
       0
       0
       0
       0
       0
       0
       0
       0
       0
       0
       0
       0
       0
       0
       0
       0
       0
       0
       0
       0
       0
       0
       0
       0
       0
       0
       0
       0
       0
       0
       0
$ROI:
1
49 1635
$PRESETS:
None
0
0
$ENER_FIT:
0.000000 3.492040
$MCA_CAL:
3
0.000000E+000 3.492040E+000 0.000000E+000 keV
$SHAPE_CAL:
3
1.303160E+002 0.000000E+000 0.000000E+000
