$SPEC_ID:
No sample description was entered.
$SPEC_REM:
DET# 2
DETDESC# JLAB-18 MCB 131
AP# Maestro Version 7.01
$DATE_MEA:
12/08/2022 16:33:29
$MEAS_TIM:
698 702
$DATA:
0 2047
       0
       0
       0
       0
       0
       0
       0
       0
       0
       0
       0
       0
       0
       0
       0
       0
       0
       0
       0
       0
       0
       0
       0
       0
       0
       0
       0
       0
       0
       0
       0
       0
       0
       0
       0
       0
       0
       0
       0
       0
       0
       0
       0
       0
       0
       0
       0
       0
       0
       0
       0
       0
       0
       0
       0
       0
       0
       0
       0
       0
       0
       0
       0
       0
       0
       0
       0
       0
       0
       0
       0
       0
       0
       0
       0
       0
       0
       0
       0
       0
       0
       0
       0
       0
       0
       0
       0
       0
       0
       0
       0
       0
       0
       0
       0
       0
       0
       0
       0
       0
       0
       0
       0
       0
       0
       0
       0
       0
       0
       0
       2
       1
       2
       2
       2
       5
       3
       3
       3
       0
       4
       5
       1
       1
       0
       1
       0
       2
       3
       0
       2
       3
       5
       1
       2
       3
       2
       0
       3
       0
       3
       2
       2
       1
       1
       0
       5
       0
       5
       2
       3
       2
       4
       2
       4
       2
       3
       2
       3
       2
       2
       3
       4
       4
       2
       3
       3
       0
       3
       4
       1
       4
       1
       1
       2
       1
       4
       1
       2
       4
       2
       0
       1
       3
       0
       2
       5
       2
       1
       0
       4
       2
       1
       2
       3
       0
       2
       1
       3
       2
       4
       5
       5
       1
       5
       2
       4
       2
       4
       1
       4
       5
       1
       0
       1
       3
       5
       3
       3
       3
       6
       3
       6
       4
       4
       3
       4
       2
       3
       2
       4
       1
       2
       1
       1
       3
       6
       4
       5
       7
       2
       2
       3
       4
       1
       3
       9
       8
       5
       3
       4
       5
       4
       6
       2
       1
       2
       4
       3
       2
       1
       3
       5
       3
       5
       3
       0
       2
       9
       4
       3
       4
       2
       7
       5
       4
       8
       3
       4
       6
       8
       5
       5
       4
      10
       4
       7
       5
       5
       3
       2
       7
       5
       7
       6
       4
       6
       6
       6
       1
       6
      11
       7
       4
       7
       8
       6
       7
       3
       3
       7
       5
       3
       8
       8
       3
       5
       3
       7
       4
       7
       7
      12
       4
       5
       5
       5
       7
       4
       1
       8
       5
       6
       5
       7
       5
       4
       8
       8
       7
       3
       8
       8
       6
       7
       7
      12
       4
       3
       6
       8
       4
       7
       5
       8
       9
       3
       9
       7
       7
      10
       3
       4
      10
       6
       5
       3
       8
       6
      14
       2
       5
       5
       9
       8
       9
       8
       6
       8
       6
       4
       7
       9
       6
       6
       9
       6
       7
      10
       7
       9
      10
       5
       7
      11
      10
       7
      11
       5
       8
       7
      12
      10
      12
       9
       9
       6
      12
       6
       8
       9
       9
      15
       8
       6
       9
       7
      12
       7
       9
       5
       9
       9
      11
       6
      13
       8
      15
       6
      10
       7
      11
      13
      12
      17
       9
      10
       9
       9
      12
      10
      13
      15
      10
      13
       9
       8
      14
       7
      10
       7
      17
      11
      12
      13
       5
      15
      11
       9
      14
       8
      10
       7
      12
      13
       9
      14
      15
      12
      16
      13
      15
      11
      16
      12
      11
       7
       4
      11
      18
      17
      13
      16
      11
       9
       9
      16
      12
      11
      13
      12
      13
      18
      14
      12
      13
      16
      18
      13
       6
       8
       9
      13
      10
      11
       9
      10
       9
      11
      13
      10
      11
      16
      13
      10
       9
      12
       9
      10
      11
       9
      11
      11
      11
      15
      11
      11
      11
       8
      17
       6
      15
       7
       8
      12
      15
      10
       7
      10
      12
       8
      11
      16
      10
       9
      11
      12
       6
       5
       4
      11
      12
      16
      15
      12
       7
       7
       6
      15
       6
      13
      14
      12
      11
       9
      11
      10
       6
      12
      12
       5
      13
      15
       5
       8
      14
      10
      12
       9
      12
      12
      13
       7
      12
      12
      10
       9
       6
      12
       9
       9
      11
       9
       5
       7
      10
       9
      10
       5
      14
       6
      10
      10
       8
       5
       6
      12
       8
      10
       7
       8
       5
      10
      10
       8
       9
       9
      15
      11
      10
       9
       5
       5
       7
       4
       8
       6
      10
       9
       7
       8
       5
       9
       8
       8
       4
       8
       6
       6
       6
       9
       6
       8
       8
       5
       5
      10
       3
      10
       3
       6
       5
       5
       5
       7
       5
       4
       4
       3
       5
       4
       1
       6
       3
       4
       5
       5
       9
       2
       3
       3
       4
       4
       7
       7
       1
       5
       4
       5
       2
       5
       1
       5
       2
       4
       5
       3
       6
       4
       5
       7
       3
       5
       4
       6
       2
       0
       5
       7
       2
       5
       2
       1
       4
       9
       3
       1
       3
       5
       2
       2
       3
       4
       1
       2
       2
       3
       4
       5
       0
       1
       6
       1
       4
       2
       2
       2
       0
       2
       3
       2
       3
       5
       0
       3
       2
       1
       1
       1
       1
       0
       3
       1
       4
       2
       2
       3
       0
       1
       0
       2
       1
       1
       2
       2
       1
       1
       0
       1
       0
       1
       1
       3
       3
       1
       2
       2
       0
       2
       0
       0
       0
       1
       1
       1
       2
       0
       0
       1
       1
       1
       0
       1
       0
       0
       0
       0
       0
       3
       1
       0
       0
       0
       3
       1
       0
       0
       1
       0
       0
       2
       1
       0
       0
       0
       1
       1
       1
       0
       0
       0
       0
       0
       0
       1
       0
       0
       0
       0
       1
       2
       0
       0
       0
       0
       0
       0
       0
       0
       2
       0
       0
       1
       0
       0
       0
       0
       0
       0
       0
       0
       0
       0
       0
       0
       0
       0
       0
       0
       0
       0
       0
       0
       0
       0
       0
       0
       0
       1
       0
       0
       0
       0
       0
       0
       0
       0
       0
       1
       0
       0
       0
       0
       0
       0
       0
       0
       0
       0
       0
       0
       0
       0
       0
       0
       0
       0
       0
       0
       0
       0
       0
       0
       0
       0
       0
       0
       0
       0
       0
       0
       0
       0
       0
       0
       0
       0
       0
       0
       0
       0
       0
       0
       0
       0
       0
       0
       0
       0
       0
       0
       0
       0
       0
       0
       0
       0
       0
       0
       0
       0
       0
       0
       0
       0
       0
       0
       0
       0
       0
       0
       0
       0
       0
       0
       0
       0
       0
       0
       0
       0
       0
       0
       0
       0
       0
       0
       0
       0
       0
       0
       0
       0
       0
       0
       0
       0
       0
       0
       0
       0
       0
       0
       0
       0
       0
       0
       0
       0
       0
       0
       0
       0
       0
       0
       0
       0
       0
       0
       0
       0
       0
       0
       0
       0
       0
       0
       0
       0
       0
       0
       0
       0
       0
       0
       0
       0
       0
       0
       0
       0
       0
       0
       0
       0
       0
       0
       0
       0
       0
       0
       1
       0
       0
       0
       0
       0
       0
       0
       0
       0
       0
       0
       0
       0
       0
       0
       0
       0
       0
       0
       0
       0
       0
       0
       0
       0
       0
       0
       0
       0
       0
       0
       0
       0
       0
       0
       0
       0
       0
       0
       0
       0
       0
       0
       0
       0
       0
       0
       0
       0
       0
       0
       0
       0
       0
       0
       0
       0
       0
       0
       0
       0
       0
       0
       0
       0
       0
       0
       0
       0
       0
       0
       0
       0
       0
       0
       0
       0
       0
       0
       0
       0
       0
       0
       0
       0
       0
       0
       0
       0
       0
       0
       0
       0
       0
       0
       0
       0
       0
       0
       0
       0
       0
       0
       0
       0
       0
       0
       0
       0
       0
       0
       0
       0
       0
       0
       0
       0
       0
       0
       0
       0
       0
       0
       0
       0
       0
       0
       0
       0
       0
       0
       0
       0
       0
       0
       0
       0
       0
       0
       0
       0
       0
       0
       0
       0
       0
       0
       0
       0
       0
       0
       0
       0
       0
       0
       0
       0
       0
       0
       0
       0
       0
       0
       0
       0
       0
       0
       0
       0
       0
       0
       0
       0
       0
       0
       0
       0
       0
       0
       0
       0
       0
       0
       0
       0
       0
       0
       0
       0
       0
       0
       0
       0
       0
       0
       0
       0
       0
       0
       0
       0
       0
       0
       0
       0
       0
       0
       0
       0
       0
       0
       0
       0
       0
       0
       0
       0
       0
       0
       0
       0
       0
       0
       0
       0
       0
       0
       0
       0
       0
       0
       0
       0
       0
       0
       0
       0
       0
       0
       0
       0
       0
       0
       0
       0
       0
       0
       0
       0
       0
       0
       0
       0
       0
       0
       0
       0
       0
       0
       0
       0
       0
       0
       0
       0
       0
       0
       0
       0
       0
       0
       0
       0
       0
       0
       0
       0
       0
       0
       0
       0
       0
       0
       0
       0
       0
       0
       0
       0
       0
       0
       0
       0
       0
       0
       0
       0
       0
       0
       0
       0
       0
       0
       0
       0
       0
       0
       0
       0
       0
       0
       0
       0
       0
       0
       0
       0
       0
       0
       0
       0
       0
       0
       0
       0
       0
       0
       0
       0
       0
       0
       0
       0
       0
       0
       0
       0
       0
       0
       0
       0
       0
       0
       0
       0
       0
       0
       0
       0
       0
       0
       0
       0
       0
       0
       0
       0
       0
       0
       0
       0
       0
       0
       0
       0
       0
       0
       0
       0
       0
       0
       0
       0
       0
       0
       0
       0
       0
       0
       0
       0
       0
       0
       0
       0
       0
       0
       0
       0
       0
       0
       0
       0
       0
       0
       0
       0
       0
       0
       0
       0
       0
       0
       0
       0
       0
       0
       0
       0
       0
       0
       0
       0
       0
       0
       0
       0
       0
       0
       0
       0
       0
       0
       0
       0
       0
       0
       0
       0
       0
       0
       0
       0
       0
       0
       0
       0
       0
       0
       0
       0
       0
       0
       0
       0
       0
       0
       0
       0
       0
       0
       0
       0
       0
       0
       0
       0
       0
       0
       0
       0
       0
       0
       0
       0
       0
       0
       0
       0
       0
       0
       0
       0
       0
       0
       0
       0
       0
       0
       0
       0
       0
       0
       0
       0
       0
       0
       0
       0
       0
       0
       0
       0
       0
       0
       0
       0
       0
       0
       0
       0
       0
       0
       0
       0
       0
       0
       0
       0
       0
       0
       0
       0
       0
       0
       0
       0
       0
       0
       0
       0
       0
       0
       0
       0
       0
       0
       0
       0
       0
       0
       0
       0
       0
       0
       0
       0
       0
       0
       0
       0
       0
       0
       0
       0
       0
       0
       0
       0
       0
       0
       0
       0
       0
       0
       0
       0
       0
       0
       0
       0
       0
       0
       0
       0
       0
       0
       0
       0
       0
       0
       0
       0
       0
       0
       0
       0
       0
       0
       0
       0
       0
       0
       0
       0
       0
       0
       0
       0
       0
       0
       0
       0
       0
       0
       0
       0
       0
       0
       0
       0
       0
       0
       0
       0
       0
       0
       0
       0
       0
       0
       0
       0
       0
       0
       0
       0
       0
       0
       0
       0
       0
       0
       0
       0
       0
       0
       0
       0
       0
       0
       0
       0
       0
       0
       0
       0
       0
       0
       0
       0
       0
       0
       0
       0
       0
       0
       0
       0
       0
       0
       0
       0
       0
       0
       0
       0
       0
       0
       0
       0
       0
       0
       0
       0
       0
       0
       0
       0
       0
       0
       0
       0
       0
       0
       0
       0
       0
       0
       0
       0
       0
       0
       0
       0
       0
       0
       0
       0
       0
       0
       0
       0
       0
       0
       0
       0
       0
       0
       0
       0
       0
       0
       0
       0
       0
       0
       0
       0
       0
       0
       0
       0
       0
       0
       0
       0
       0
       0
       0
       0
       0
       0
       0
       0
       0
       0
       0
       0
       0
       0
       0
       0
       0
       0
       0
       0
       0
       0
       0
       0
       0
       0
       0
       0
       0
       0
       0
       0
       0
       0
       0
       0
       0
       0
       0
       0
       0
       0
       0
       0
       0
       0
       0
       0
       0
       0
       0
       0
       0
       0
       0
       0
       0
       0
       0
       0
       0
       0
       0
       0
       0
       0
       0
       0
       0
       0
       0
       0
       0
       0
       0
       0
       0
       0
       0
       0
       0
       0
       0
       0
       0
       0
       0
       0
       0
       0
       0
       0
       0
       0
       0
       0
       0
       0
       0
       0
       0
       0
       0
       0
       0
       0
       0
       0
       0
       0
       0
       0
       0
       0
       0
       0
       0
       0
       0
       0
       0
       0
       0
       0
       0
       0
       0
       0
       0
       0
       0
       0
       0
       0
       0
       0
       0
       0
       0
       0
       0
       0
       0
       0
       0
       0
       0
       0
       0
       0
       0
       0
       0
       0
       0
       0
       0
       0
       0
       0
       0
       0
       0
       0
       0
       0
       0
       0
       0
       0
       0
       0
       0
       0
       0
       0
       0
       0
       0
       0
       0
       0
       0
       0
       0
       0
       0
       0
       0
       0
       0
       0
       0
       0
       0
       0
       0
       0
       0
       0
       0
       0
       0
       0
       0
       0
       0
       0
       0
       0
       0
       0
       0
       0
       0
       0
       0
       0
       0
       0
       0
       0
       0
       0
       0
       0
       0
       0
       0
       0
       0
       0
       0
       0
       0
       0
       0
       0
       0
       0
       0
       0
       0
       0
       0
       0
       0
       0
       0
       0
       0
       0
       0
       0
       0
       0
       0
       0
       0
       0
       0
       0
       0
       0
       0
       0
       0
       0
       0
       0
       0
       0
       0
       0
       0
       0
       0
       0
       0
       0
       0
       0
       0
       0
       0
       0
       0
       0
       0
       0
       0
       0
       0
       0
       0
       0
       0
       0
       0
       0
       0
       0
       0
       0
       0
       0
       0
       0
       0
$ROI:
1
49 1635
$PRESETS:
None
0
0
$ENER_FIT:
0.000000 3.492040
$MCA_CAL:
3
0.000000E+000 3.492040E+000 0.000000E+000 keV
$SHAPE_CAL:
3
1.303160E+002 0.000000E+000 0.000000E+000
