$SPEC_ID:
No sample description was entered.
$SPEC_REM:
DET# 2
DETDESC# JLAB-18 MCB 131
AP# Maestro Version 7.01
$DATE_MEA:
12/08/2022 16:01:49
$MEAS_TIM:
511 513
$DATA:
0 2047
       0
       0
       0
       0
       0
       0
       0
       0
       0
       0
       0
       0
       0
       0
       0
       0
       0
       0
       0
       0
       0
       0
       0
       0
       0
       0
       0
       0
       0
       0
       0
       0
       0
       0
       0
       0
       0
       0
       0
       0
       0
       0
       0
       0
       0
       0
       0
       0
       0
       0
       0
       0
       0
       0
       0
       0
       0
       0
       0
       0
       0
       0
       0
       0
       0
       0
       0
       0
       0
       0
       0
       0
       0
       0
       0
       0
       0
       0
       0
       0
       0
       0
       0
       0
       0
       0
       0
       0
       0
       0
       0
       0
       0
       0
       0
       0
       0
       0
       0
       0
       0
       0
       0
       0
       0
       0
       0
       0
       0
       1
       2
       0
       1
       1
       0
       0
       1
       2
       2
       2
       1
       1
       2
       1
       2
       2
       4
       0
       1
       2
       3
       1
       1
       1
       1
       2
       3
       3
       2
       1
       5
       3
       3
       2
       4
       2
       4
       0
       2
       1
       1
       1
       6
       0
       1
       3
       3
       2
       3
       2
       3
       0
       1
       0
       0
       2
       2
       2
       2
       2
       0
       4
       4
       0
       4
       0
       1
       1
       0
       2
       0
       1
       3
       0
       5
       4
       3
       1
       2
       4
       3
       3
       4
       4
       0
       3
       2
       3
       2
       1
       1
       1
       1
       3
       1
       1
       4
       1
       0
       2
       0
       3
       4
       4
       5
       0
       2
       2
       3
       6
       4
       2
       3
       1
       2
       5
       1
       2
       0
       2
       3
       2
       4
       7
       4
       1
       2
       3
       4
       4
       1
       2
       4
       5
       3
       1
       2
       6
       4
       6
       3
       3
       9
       2
       1
       2
       5
       5
       8
       5
       4
       4
       2
       8
       3
       2
       3
       5
       4
       3
       7
       1
       5
       3
       1
       4
       1
       3
       5
       6
       5
       8
       6
       5
       6
       3
       2
       4
      11
       4
       7
       2
       3
      11
       5
       2
       5
       5
      10
       6
       3
       6
       3
       5
       5
       5
       6
       3
       4
       7
       4
       8
       5
       3
       5
      10
       2
       7
       6
       2
       4
       7
       9
       6
       8
       6
       6
       5
       6
       7
       4
       7
       4
       5
       5
       7
       9
       3
       6
       6
       9
       3
       6
      11
      12
      14
       9
       7
       2
       8
       2
       4
       4
       4
       6
       6
       6
      13
       8
       7
      10
      12
       8
       6
       8
       9
       7
       4
       8
      12
       6
       4
       3
       5
       9
      11
      14
      10
       8
       6
      12
       9
       6
       8
      10
       8
      10
       7
       5
       9
       4
       8
       9
       8
       4
       9
      13
      10
       8
       9
       9
       9
      10
       7
      10
      11
      10
       9
      10
       3
       6
       7
      10
      13
       6
       9
      12
       5
       5
      12
       5
       5
       9
       7
       5
      10
      14
       8
      12
       9
      15
      12
      11
      11
      12
       8
      16
      12
      12
       4
      10
      13
       8
      12
      11
      11
      14
       4
       8
      12
      20
      12
      12
      10
       9
      13
      18
      13
      11
      13
      17
      10
       9
      12
      10
       8
      14
      11
      15
       8
      13
      12
      13
      18
      17
      11
      13
      16
      14
       6
      15
      17
      12
      16
      11
      13
      18
      12
      16
      20
      13
      16
      18
      10
      12
      13
       9
      12
       9
      15
      15
       9
      10
      14
       9
      10
      18
      14
      11
      14
      11
      13
      13
      13
      16
      15
       9
      11
      17
       5
      15
      14
      16
      11
      15
      14
      12
      12
      22
      15
      18
      16
      14
      12
      15
      17
      12
      19
       7
      10
      16
      14
      15
      14
      13
       8
      18
       6
      11
      19
      17
       8
      15
      15
      16
      14
      11
       9
       7
      13
      12
      10
      18
      11
      10
      13
      14
      13
      18
      17
      15
      13
      14
      10
      14
      15
      11
      15
      14
      19
       6
      10
      13
      12
      10
      10
      11
       9
      15
      16
      12
      12
      12
      15
       8
      15
       6
      11
       9
      13
      12
      16
      10
      16
       6
      18
      10
      12
      16
      11
      13
      11
      14
       8
      15
      10
      12
      11
      15
       5
       5
      10
      14
       8
       5
      13
      12
       7
      13
      16
       6
      15
      11
       6
      13
       5
      12
      13
       3
      11
      11
      11
      13
       7
       9
      10
      12
      14
      10
      15
      10
       6
      12
       7
      10
       5
      20
       6
       7
       6
       9
       7
      11
       7
       7
       5
      13
      11
       6
       8
       8
       6
       6
       6
      14
       8
       5
       6
       9
       5
       4
       6
      12
       3
       7
       8
       6
       6
       7
       9
       5
       6
       4
      11
       6
       8
       7
       5
       5
       3
       3
       7
       6
       6
       7
       7
       5
       5
       5
       2
       2
       5
       6
       5
       7
       3
       7
       7
       3
       3
       3
       6
       5
       7
       4
       2
       6
       7
       7
       7
       5
       4
       2
       1
       3
       3
       3
       5
       4
       2
       5
       3
       1
       2
       3
       3
       2
       6
       4
       3
       3
       1
       5
       1
       4
       2
       2
       2
       2
       6
       4
       1
       1
       3
       3
       2
       1
       0
       1
       3
       1
       1
       1
       2
       0
       0
       2
       3
       1
       2
       3
       2
       5
       2
       0
       2
       1
       1
       0
       2
       1
       2
       0
       1
       0
       0
       1
       2
       3
       1
       1
       2
       1
       0
       0
       1
       1
       1
       0
       2
       1
       1
       1
       0
       1
       0
       1
       1
       0
       0
       1
       0
       1
       0
       0
       1
       0
       1
       1
       0
       0
       0
       0
       1
       0
       0
       0
       0
       0
       1
       0
       0
       1
       0
       0
       1
       0
       0
       0
       0
       0
       1
       0
       0
       0
       0
       0
       0
       0
       0
       2
       0
       0
       0
       0
       0
       0
       0
       0
       0
       1
       0
       0
       0
       0
       0
       0
       0
       0
       0
       0
       0
       0
       0
       0
       0
       1
       0
       0
       0
       0
       0
       0
       0
       0
       0
       0
       0
       0
       0
       0
       0
       0
       0
       0
       0
       0
       0
       0
       0
       0
       0
       0
       0
       0
       0
       0
       0
       0
       1
       0
       0
       0
       0
       0
       0
       0
       0
       0
       0
       0
       0
       0
       0
       0
       0
       0
       0
       1
       0
       0
       0
       0
       0
       0
       0
       0
       0
       0
       0
       0
       0
       0
       0
       0
       0
       0
       0
       0
       0
       0
       0
       0
       0
       0
       0
       0
       0
       0
       0
       0
       0
       0
       0
       0
       0
       0
       0
       1
       0
       0
       0
       0
       0
       0
       0
       0
       0
       0
       0
       0
       0
       0
       0
       0
       0
       0
       0
       0
       0
       0
       0
       0
       0
       0
       0
       1
       0
       0
       0
       0
       0
       0
       0
       0
       0
       0
       0
       0
       0
       0
       0
       0
       0
       0
       0
       0
       0
       0
       0
       0
       0
       0
       0
       0
       0
       0
       0
       0
       0
       0
       0
       0
       0
       0
       0
       0
       0
       0
       0
       0
       0
       0
       0
       0
       0
       0
       0
       0
       0
       0
       0
       0
       0
       0
       0
       0
       0
       0
       0
       0
       0
       0
       0
       0
       0
       0
       0
       0
       0
       0
       0
       0
       0
       0
       0
       0
       0
       0
       0
       0
       0
       0
       0
       0
       0
       0
       0
       0
       0
       0
       0
       0
       0
       0
       0
       0
       0
       0
       0
       0
       0
       0
       0
       0
       0
       0
       0
       0
       0
       0
       0
       0
       0
       0
       0
       0
       0
       0
       0
       0
       0
       0
       0
       0
       0
       0
       0
       0
       0
       0
       0
       0
       0
       0
       0
       0
       0
       0
       0
       0
       0
       0
       0
       0
       0
       0
       0
       0
       0
       0
       0
       0
       0
       0
       0
       0
       0
       0
       0
       0
       0
       0
       0
       0
       0
       0
       0
       0
       0
       0
       0
       0
       0
       0
       0
       0
       0
       0
       0
       0
       0
       0
       0
       0
       0
       0
       0
       0
       0
       0
       0
       0
       0
       0
       0
       0
       0
       0
       0
       0
       0
       0
       0
       0
       0
       0
       0
       0
       0
       0
       0
       0
       0
       0
       0
       0
       0
       0
       0
       0
       0
       0
       0
       0
       0
       0
       0
       0
       0
       0
       0
       0
       0
       0
       0
       0
       0
       0
       0
       0
       0
       0
       0
       0
       0
       0
       0
       0
       0
       0
       0
       0
       0
       0
       0
       0
       0
       0
       0
       0
       0
       0
       0
       0
       0
       0
       0
       0
       0
       0
       0
       0
       0
       0
       0
       0
       0
       0
       0
       0
       0
       0
       0
       0
       0
       0
       0
       0
       0
       0
       0
       0
       0
       0
       0
       0
       0
       0
       0
       0
       0
       0
       0
       0
       0
       0
       0
       0
       0
       0
       0
       0
       0
       0
       0
       0
       0
       0
       0
       0
       0
       0
       0
       0
       0
       0
       0
       0
       0
       0
       0
       0
       0
       0
       0
       0
       0
       0
       0
       0
       0
       0
       0
       0
       0
       0
       0
       0
       0
       0
       0
       0
       0
       0
       0
       0
       0
       0
       0
       0
       0
       0
       0
       0
       0
       0
       0
       0
       0
       0
       0
       0
       0
       0
       0
       0
       0
       0
       0
       0
       0
       0
       0
       0
       0
       0
       0
       0
       0
       0
       0
       0
       0
       0
       0
       0
       0
       0
       0
       0
       0
       0
       0
       0
       0
       0
       0
       0
       0
       0
       0
       0
       0
       0
       0
       0
       0
       0
       0
       0
       0
       0
       0
       0
       0
       0
       0
       0
       0
       0
       0
       0
       0
       0
       0
       0
       0
       0
       0
       0
       0
       0
       0
       0
       0
       0
       0
       0
       0
       0
       0
       0
       0
       0
       0
       0
       0
       0
       0
       0
       0
       0
       0
       0
       0
       0
       0
       0
       0
       0
       0
       0
       0
       0
       0
       0
       0
       0
       0
       0
       0
       0
       0
       0
       0
       0
       0
       0
       0
       0
       0
       0
       0
       0
       0
       0
       0
       0
       0
       0
       0
       0
       0
       0
       0
       0
       0
       0
       0
       0
       0
       0
       0
       0
       0
       0
       0
       0
       0
       0
       0
       0
       0
       0
       0
       0
       0
       0
       0
       0
       0
       0
       0
       0
       0
       0
       0
       0
       0
       0
       0
       0
       0
       0
       0
       0
       0
       0
       0
       0
       0
       0
       0
       0
       0
       0
       0
       0
       0
       0
       0
       0
       0
       0
       0
       0
       0
       0
       0
       0
       0
       0
       0
       0
       0
       0
       0
       0
       0
       0
       0
       0
       0
       0
       0
       0
       0
       0
       0
       0
       0
       0
       0
       0
       0
       0
       0
       0
       0
       0
       0
       0
       0
       0
       0
       0
       0
       0
       0
       0
       0
       0
       0
       0
       0
       0
       0
       0
       0
       0
       0
       0
       0
       0
       0
       0
       0
       0
       0
       0
       0
       0
       0
       0
       0
       0
       0
       0
       0
       0
       0
       0
       0
       0
       0
       0
       0
       0
       0
       0
       0
       0
       0
       0
       0
       0
       0
       0
       0
       0
       0
       0
       0
       0
       0
       0
       0
       0
       0
       0
       0
       0
       0
       0
       0
       0
       0
       0
       0
       0
       0
       0
       0
       0
       0
       0
       0
       0
       0
       0
       0
       0
       0
       0
       0
       0
       0
       0
       0
       0
       0
       0
       0
       0
       0
       0
       0
       0
       0
       0
       0
       0
       0
       0
       0
       0
       0
       0
       0
       0
       0
       0
       0
       0
       0
       0
       0
       0
       0
       0
       0
       0
       0
       0
       0
       0
       0
       0
       0
       0
       0
       0
       0
       0
       0
       0
       0
       0
       0
       0
       0
       0
       0
       0
       0
       0
       0
       0
       0
       0
       0
       0
       0
       0
       0
       0
       0
       0
       0
       0
       0
       0
       0
       0
       0
       0
       0
       0
       0
       0
       0
       0
       0
       0
       0
       0
       0
       0
       0
       0
       0
       0
       0
       0
       0
       0
       0
       0
       0
       0
       0
       0
       0
       0
       0
       0
       0
       0
       0
       0
       0
       0
       0
       0
       0
       0
       0
       0
       0
       0
       0
       0
       0
       0
       0
       0
       0
       0
       0
       0
       0
       0
       0
       0
       0
       0
       0
       0
       0
       0
       0
       0
       0
       0
       0
       0
       0
       0
       0
       0
       0
       0
       0
       0
       0
       0
       0
       0
       0
       0
       0
       0
       0
       0
       0
       0
       0
       0
       0
       0
       0
       0
       0
       0
       0
       0
       0
       0
       0
       0
       0
       0
       0
       0
       0
       0
       0
       0
       0
       0
       0
       0
       0
       0
       0
       0
       0
       0
       0
       0
       0
       0
       0
       0
       0
       0
       0
       0
       0
       0
       0
       0
       0
       0
       0
       0
       0
       0
       0
       0
       0
       0
       0
       0
       0
       0
       0
       0
       0
       0
       0
       0
       0
       0
       0
       0
       0
       0
       0
       0
       0
       0
       0
       0
       0
       0
       0
       0
       0
       0
       0
       0
       0
       0
       0
       0
       0
       0
       0
       0
       0
       0
       0
       0
       0
       0
       0
       0
       0
       0
       0
       0
       0
       0
       0
       0
       0
       0
       0
       0
       0
       0
       0
       0
       0
       0
       0
       0
       0
       0
       0
       0
       0
       0
       0
       0
       0
       0
       0
       0
       0
       0
       0
       0
       0
       0
       0
       0
       0
       0
       0
       0
       0
       0
       0
       0
       0
       0
       0
       0
       0
       0
       0
       0
       0
       0
       0
       0
       0
       0
       0
       0
       0
       0
       0
       0
       0
$ROI:
1
49 1635
$PRESETS:
None
0
0
$ENER_FIT:
0.000000 3.492040
$MCA_CAL:
3
0.000000E+000 3.492040E+000 0.000000E+000 keV
$SHAPE_CAL:
3
1.303160E+002 0.000000E+000 0.000000E+000
