$SPEC_ID:
No sample description was entered.
$SPEC_REM:
DET# 2
DETDESC# JLAB-18 MCB 131
AP# Maestro Version 7.01
$DATE_MEA:
12/08/2022 15:15:37
$MEAS_TIM:
370 372
$DATA:
0 2047
       0
       0
       0
       0
       0
       0
       0
       0
       0
       0
       0
       0
       0
       0
       0
       0
       0
       0
       0
       0
       0
       0
       0
       0
       0
       0
       0
       0
       0
       0
       0
       0
       0
       0
       0
       0
       0
       0
       0
       0
       0
       0
       0
       0
       0
       0
       0
       0
       0
       0
       0
       0
       0
       0
       0
       0
       0
       0
       0
       0
       0
       0
       0
       0
       0
       0
       0
       0
       0
       0
       0
       0
       0
       0
       0
       0
       0
       0
       0
       0
       0
       0
       0
       0
       0
       0
       0
       0
       0
       0
       0
       0
       0
       0
       0
       0
       0
       0
       0
       0
       0
       0
       0
       0
       0
       0
       0
       0
       0
       1
       1
       3
       0
       2
       2
       0
       1
       0
       1
       0
       0
       0
       2
       4
       0
       3
       1
       1
       2
       1
       0
       1
       0
       1
       1
       1
       2
       3
       2
       1
       4
       0
       0
       3
       1
       1
       0
       2
       1
       0
       3
       1
       1
       0
       3
       0
       1
       2
       0
       2
       3
       1
       1
       1
       3
       1
       2
       0
       1
       0
       1
       3
       0
       3
       2
       3
       1
       1
       0
       1
       4
       1
       3
       4
       0
       3
       0
       1
       3
       0
       1
       3
       3
       2
       1
       0
       3
       2
       2
       0
       1
       1
       1
       0
       6
       3
       0
       4
       2
       4
       0
       0
       3
       5
       3
       1
       2
       2
       3
       1
       3
       2
       4
       5
       3
       2
       4
       3
       1
       4
       4
       2
       0
       3
       3
       3
       3
       6
       1
       2
       2
       3
       2
       2
       7
       4
       3
       2
       0
       6
       4
       2
       1
       0
       1
       4
       3
       2
       3
       4
       2
       0
       5
       1
       3
       3
       2
       6
       5
       4
       1
       5
       2
       4
       2
       4
       2
       4
       1
       2
       2
       2
       2
       3
       4
       1
       3
       5
       7
       3
       6
       2
       1
       5
       5
       1
       2
       4
       6
       5
       2
       0
       7
       9
       2
       2
       7
       3
       4
       8
       6
       3
       3
       4
       6
       2
       4
       7
       7
       6
       8
       4
       6
       4
       6
       5
       5
       4
       7
       2
       4
       4
       4
       7
       2
       6
       6
      11
       5
       5
       5
      11
       6
       7
       3
      10
       7
       4
      15
       5
       4
       7
       5
       3
       6
       8
       6
       8
       2
       5
       2
       2
       9
      10
       5
       6
      13
       4
      10
       6
       7
       7
       7
       6
       4
      13
      12
       6
      10
       9
       4
       5
       6
      12
       8
       9
       4
       6
      14
      11
      10
       4
       6
       7
       8
       8
       5
       7
      14
       7
      11
      11
       9
      10
       9
      11
       9
       8
       5
       4
      13
       5
      10
      10
       6
      11
      11
      17
      11
      10
      15
      10
       9
      17
      13
       2
      11
       7
       9
       9
       7
       6
       9
      12
      11
      16
       8
      13
       9
      13
       5
      13
      11
       9
       9
       7
      15
       7
      10
      17
      11
      10
       7
      10
       4
      15
      15
      11
      16
       8
      15
      12
       9
      12
       6
      15
      11
      12
      15
      10
      11
      12
       8
       9
      11
      15
       7
      19
      11
       9
       7
      14
      14
      13
      13
      16
      16
      11
      10
      10
      11
       9
      12
      10
      12
      12
      13
      18
      11
      17
      13
      16
      20
      17
      15
      15
      11
      14
      15
      19
      18
      12
      10
      13
      17
      13
      14
      16
      27
      18
      21
      16
      16
      12
      16
      15
      24
      14
      19
      17
      15
      17
      15
      23
      18
      15
      18
      18
      17
      22
      14
      20
      12
      16
      13
      19
      14
      12
      14
      17
      14
      19
      16
      19
      16
      20
      18
      14
      22
      15
      15
      16
      12
      12
      16
      16
      16
      14
      19
      12
      14
      16
      10
      13
      18
      17
      21
      13
      13
      18
      19
      11
      16
      16
      18
      20
      15
      15
      18
      10
      21
      21
      23
      16
      13
      16
      15
      24
      19
      20
      19
      14
      14
      16
      15
       8
      14
      16
      22
      18
      13
      16
      23
      15
      17
      18
      10
      18
      15
      23
       9
      19
      16
      19
      12
      13
      14
       8
      25
      14
      15
      16
      11
      12
      16
      23
       8
      15
      18
      11
      17
      16
      10
      16
      15
      11
      18
       9
      13
      17
      11
      17
      16
      16
      17
      13
       9
      12
      17
      13
      18
      21
      15
      13
      12
      18
      16
      10
      13
      11
      16
      16
      13
      19
      15
      10
      12
      13
      16
      14
      11
      15
      12
      20
      15
       7
      19
      11
      16
      16
       6
       6
       9
      13
      14
      13
       9
       8
       6
       7
      10
      11
      10
       6
      10
       8
       8
      10
      13
      11
       8
      12
       5
      15
      14
       6
       5
       4
       5
      10
      11
      12
       7
       9
      12
       9
      11
       8
       7
      11
       3
       8
      10
       3
       6
       7
       8
       5
       5
       7
       4
       7
       9
       8
       4
       5
       2
       8
       3
       3
       9
       6
       4
       9
       9
      10
       4
       1
       3
       5
       7
       6
       4
       5
       4
       6
       7
       9
       5
       2
       6
       7
       4
       4
       6
       7
       6
       5
       8
       3
       4
       2
       3
       2
       4
       6
       1
       3
       3
       4
       0
       3
       4
       3
       1
       2
       0
       3
       5
       4
       0
       1
       2
       4
       1
       2
       0
       1
       5
       0
       3
       1
       1
       4
       1
       0
       2
       3
       0
       1
       2
       1
       1
       1
       1
       0
       0
       1
       5
       2
       1
       2
       1
       0
       1
       1
       2
       0
       0
       0
       0
       1
       0
       1
       0
       1
       0
       0
       0
       0
       0
       0
       0
       0
       2
       0
       0
       0
       2
       2
       0
       1
       0
       1
       1
       1
       0
       1
       3
       1
       1
       1
       0
       0
       0
       1
       0
       0
       0
       0
       0
       0
       1
       0
       2
       0
       0
       1
       0
       0
       0
       0
       0
       0
       1
       0
       0
       0
       0
       0
       0
       0
       0
       0
       1
       0
       0
       0
       0
       0
       0
       1
       0
       0
       0
       0
       0
       0
       1
       0
       0
       0
       0
       0
       0
       0
       0
       0
       1
       0
       2
       0
       0
       0
       0
       0
       0
       0
       1
       0
       0
       0
       0
       0
       0
       0
       0
       0
       0
       0
       0
       0
       0
       0
       1
       0
       0
       0
       0
       0
       0
       0
       0
       0
       0
       0
       0
       0
       0
       0
       0
       0
       0
       0
       0
       0
       0
       0
       0
       0
       0
       0
       0
       0
       0
       0
       0
       0
       0
       0
       0
       0
       0
       0
       0
       0
       0
       0
       0
       0
       0
       0
       0
       0
       0
       0
       0
       0
       0
       0
       0
       0
       0
       0
       0
       0
       0
       0
       0
       0
       0
       0
       0
       0
       0
       0
       0
       0
       0
       0
       0
       0
       0
       0
       0
       0
       0
       0
       0
       0
       0
       0
       0
       0
       0
       0
       0
       0
       0
       0
       0
       0
       0
       0
       0
       0
       0
       0
       0
       0
       0
       0
       0
       0
       0
       0
       0
       0
       0
       0
       0
       0
       0
       0
       0
       0
       0
       0
       0
       0
       0
       0
       0
       0
       0
       0
       0
       0
       0
       0
       0
       0
       0
       0
       0
       0
       0
       0
       0
       0
       0
       0
       0
       0
       0
       0
       0
       0
       0
       0
       0
       0
       0
       0
       0
       0
       0
       0
       0
       0
       0
       0
       0
       0
       0
       0
       0
       0
       0
       0
       0
       0
       0
       0
       0
       0
       0
       0
       0
       0
       0
       0
       0
       0
       0
       0
       0
       0
       0
       0
       0
       0
       0
       0
       0
       0
       0
       0
       0
       0
       0
       0
       0
       0
       0
       0
       0
       0
       0
       0
       0
       0
       0
       0
       0
       0
       0
       0
       0
       0
       0
       0
       0
       0
       0
       0
       0
       0
       0
       0
       0
       0
       0
       0
       0
       0
       0
       0
       0
       0
       0
       0
       0
       0
       0
       0
       0
       0
       0
       0
       0
       0
       0
       0
       0
       0
       0
       0
       0
       0
       0
       0
       0
       0
       0
       0
       0
       0
       0
       0
       0
       0
       0
       0
       0
       0
       0
       0
       0
       0
       0
       0
       0
       0
       0
       0
       0
       0
       0
       0
       0
       0
       0
       0
       0
       0
       0
       0
       0
       0
       0
       0
       0
       0
       0
       0
       0
       0
       0
       0
       0
       0
       0
       0
       0
       0
       0
       0
       0
       0
       0
       0
       0
       0
       0
       0
       0
       0
       0
       0
       0
       0
       0
       0
       0
       0
       0
       0
       0
       0
       0
       0
       0
       0
       0
       0
       0
       0
       0
       0
       0
       0
       0
       0
       0
       0
       0
       0
       0
       0
       0
       0
       0
       0
       0
       0
       0
       0
       0
       0
       0
       0
       0
       0
       0
       0
       0
       0
       0
       0
       0
       0
       0
       0
       0
       0
       0
       0
       0
       0
       0
       0
       0
       0
       0
       0
       0
       0
       0
       0
       0
       0
       0
       0
       0
       0
       0
       0
       0
       0
       0
       0
       0
       0
       0
       0
       0
       0
       0
       0
       0
       0
       0
       0
       0
       0
       0
       0
       0
       0
       0
       0
       0
       0
       0
       0
       0
       0
       0
       0
       0
       0
       0
       0
       0
       0
       0
       0
       0
       0
       0
       0
       0
       0
       0
       0
       0
       0
       0
       0
       0
       0
       0
       0
       0
       0
       0
       0
       0
       0
       0
       0
       0
       0
       0
       0
       0
       0
       0
       0
       0
       0
       0
       0
       0
       0
       0
       0
       0
       0
       0
       0
       0
       0
       0
       0
       0
       0
       0
       0
       0
       0
       0
       0
       0
       0
       0
       0
       0
       0
       0
       0
       0
       0
       0
       0
       0
       0
       0
       0
       0
       0
       0
       0
       0
       0
       0
       0
       0
       0
       0
       0
       0
       0
       0
       0
       0
       0
       0
       0
       0
       0
       0
       0
       0
       0
       0
       0
       0
       0
       0
       0
       0
       0
       0
       0
       0
       0
       0
       0
       0
       0
       0
       0
       0
       0
       0
       0
       0
       0
       0
       0
       0
       0
       0
       0
       0
       0
       0
       0
       0
       0
       0
       0
       0
       0
       0
       0
       0
       0
       0
       0
       0
       0
       0
       0
       0
       0
       0
       0
       0
       0
       0
       0
       0
       0
       0
       0
       0
       0
       0
       0
       0
       0
       0
       0
       0
       0
       0
       0
       0
       0
       0
       0
       0
       0
       0
       0
       0
       0
       0
       0
       0
       0
       0
       0
       0
       0
       0
       0
       0
       0
       0
       0
       0
       0
       0
       0
       0
       0
       0
       0
       0
       0
       0
       0
       0
       0
       0
       0
       0
       0
       0
       0
       0
       0
       0
       0
       0
       0
       0
       0
       0
       0
       0
       0
       0
       0
       0
       0
       0
       0
       0
       0
       0
       0
       0
       0
       0
       0
       0
       0
       0
       0
       0
       0
       0
       0
       0
       0
       0
       0
       0
       0
       0
       0
       0
       0
       0
       0
       0
       0
       0
       0
       0
       0
       0
       0
       0
       0
       0
       0
       0
       0
       0
       0
       0
       0
       0
       0
       0
       0
       0
       0
       0
       0
       0
       0
       0
       0
       0
       0
       0
       0
       0
       0
       0
       0
       0
       0
       0
       0
       0
       0
       0
       0
       0
       0
       0
       0
       0
       0
       0
       0
       0
       0
       0
       0
       0
       0
       0
       0
       0
       0
       0
       0
       0
       0
       0
       0
       0
       0
       0
       0
       0
       0
       0
       0
       0
       0
       0
       0
       0
       0
       0
       0
       0
       0
       0
       0
       0
       0
       0
       0
       0
       0
       0
       0
       0
       0
       0
       0
       0
       0
       0
       0
       0
       0
       0
       0
       0
       1
       0
       0
       0
       0
       0
       0
       0
       0
       0
       0
       0
       0
       0
       0
       0
       0
       0
       0
       0
       0
       0
       0
       0
       0
       0
       0
       0
       0
       0
       0
       0
       0
       0
       0
       0
       0
       0
       0
       0
       0
       0
       0
       0
       0
       0
       0
       0
       0
       0
       0
       0
       0
       0
       0
       0
       0
       0
       0
       0
       0
       0
       0
       0
       0
       0
       0
       0
       0
       0
       0
       0
       0
       0
       0
       0
       0
       0
       0
       0
       0
       0
       0
       0
       0
       0
       0
       0
       0
       0
       0
       0
       0
       0
       0
       0
       0
       0
       0
       0
       0
       0
       0
       0
       0
       0
       0
       0
       0
       0
       0
       0
       0
       0
       0
       0
       0
       0
       0
       0
       0
       0
       0
       0
       0
       0
       0
       0
       0
       0
       0
       0
       0
       0
       0
       0
       0
       0
       0
       0
       0
       0
       0
       0
       0
       0
       0
       0
       0
       0
       0
       0
       0
       0
       0
       0
       0
       0
       0
       0
       0
       0
       0
       0
       0
       0
       0
       0
       0
       0
       0
       0
       0
       0
       0
       0
       0
       0
       0
       0
       0
       0
       0
       0
       0
       0
       0
       0
       0
       0
       0
       0
       0
       0
       0
       0
       0
       0
       0
       0
       0
       0
       0
       0
       0
       0
       0
       0
       0
       0
       0
       0
       0
       0
       0
       0
       0
       0
       0
       0
       0
       0
       0
       0
       0
       0
       0
       0
       0
       0
       0
       0
       0
       0
       0
       0
       0
       0
       0
       0
       0
       0
       0
       0
       0
       0
       0
       0
       0
       0
       0
       0
       0
       0
       0
       0
       0
       0
       0
       0
       0
       0
       0
       0
       0
       0
       0
$ROI:
1
49 1635
$PRESETS:
None
0
0
$ENER_FIT:
0.000000 3.492040
$MCA_CAL:
3
0.000000E+000 3.492040E+000 0.000000E+000 keV
$SHAPE_CAL:
3
1.303160E+002 0.000000E+000 0.000000E+000
