$SPEC_ID:
No sample description was entered.
$SPEC_REM:
DET# 2
DETDESC# JLAB-18 MCB 131
AP# Maestro Version 7.01
$DATE_MEA:
12/08/2022 15:23:45
$MEAS_TIM:
523 524
$DATA:
0 2047
       0
       0
       0
       0
       0
       0
       0
       0
       0
       0
       0
       0
       0
       0
       0
       0
       0
       0
       0
       0
       0
       0
       0
       0
       0
       0
       0
       0
       0
       0
       0
       0
       0
       0
       0
       0
       0
       0
       0
       0
       0
       0
       0
       0
       0
       0
       0
       0
       0
       0
       0
       0
       0
       0
       0
       0
       0
       0
       0
       0
       0
       0
       0
       0
       0
       0
       0
       0
       0
       0
       0
       0
       0
       0
       0
       0
       0
       0
       0
       0
       0
       0
       0
       0
       0
       0
       0
       0
       0
       0
       0
       0
       0
       0
       0
       0
       0
       0
       0
       0
       0
       0
       0
       0
       0
       0
       0
       0
       0
       0
       0
       0
       3
       3
       2
       1
       2
       1
       0
       1
       2
       3
       3
       0
       0
       3
       4
       3
       0
       3
       2
       2
       3
       1
       1
       3
       3
       4
       1
       1
       1
       2
       2
       4
       1
       1
       1
       1
       3
       2
       3
       3
       0
       1
       2
       4
       0
       6
       3
       2
       3
       4
       1
       4
       1
       1
       2
       3
       3
       5
       2
       2
       1
       4
       3
       2
       4
       2
       2
       1
       3
       1
       1
       2
       1
       3
       2
       4
       2
       2
       3
       5
       4
       2
       3
       2
       0
       6
       2
       3
       4
       1
       1
       1
       1
       6
       3
       2
       2
       2
       4
       0
       4
       3
       2
       5
       3
       4
       4
       3
       4
       2
       2
       4
       3
       2
       4
       1
       6
       4
       1
       2
       6
       6
       3
       3
       2
       5
       3
       2
       3
       4
       4
       3
       3
       2
       5
       5
       7
       1
       1
       9
       6
       8
       6
       5
       7
       4
       5
       5
       2
       7
       6
       6
       6
       3
       2
       8
       3
       2
       4
       6
       7
       6
       3
       4
       5
       4
       2
       7
       6
       3
       6
       5
       5
       5
       6
       3
       4
       5
       2
       8
       9
       6
       5
       2
       4
       5
       6
      12
       4
       6
       5
       6
       9
       6
       6
       4
       2
       3
       4
       2
       5
       7
       4
       4
       8
       5
       3
       5
       3
       4
      14
       9
      10
      11
      11
      10
       8
       6
       8
       7
       8
       7
      11
       5
       9
       4
       3
       5
       6
       5
       5
      12
       3
       6
       6
       7
       9
      14
       9
       8
       6
       6
       6
       5
       6
       7
      11
      11
       7
       8
       2
      11
      16
       9
       4
       5
       9
      10
       9
      14
       6
      10
      10
       7
       6
      17
       7
      10
       8
       7
      13
      13
      13
      11
       4
      14
       7
      10
      10
       7
       7
       9
      11
      11
       9
       2
       9
      12
      13
       8
       7
      14
      12
      20
      12
      10
      12
       7
       7
       1
      11
       8
      15
      16
       9
      10
      17
      16
      10
      13
      14
      14
       7
       8
      18
      12
      13
      16
      11
       7
      16
      16
      10
      13
      16
      12
      17
      13
      17
      14
      12
       8
       8
      14
      13
      18
      17
      14
       7
      16
      13
      11
      18
      11
      15
      14
      17
      17
      18
      11
      13
      17
       8
      19
      20
      15
      16
      20
      20
      16
      17
      15
      20
      15
      14
      14
      16
      18
      18
      22
      13
      15
      19
      13
      12
      20
      11
      22
      17
      15
      18
      14
      19
      12
      20
      12
      18
       8
      20
      20
      14
      22
      21
      17
      16
      12
      17
      15
      14
      24
      11
      16
      20
      15
      17
      19
      17
      14
      15
      21
      20
      26
      16
      22
      14
      19
      12
      22
      20
      16
      18
      15
      22
      15
      26
      17
      20
      23
      21
      22
      17
      14
      29
      13
      26
      16
      18
      18
      20
      16
      17
      20
      16
      26
      13
      17
      27
      19
      13
      21
      16
      13
      10
      16
      19
      15
      10
      16
      19
      14
      15
      22
      12
      11
      21
      15
      18
      22
      15
      15
      22
      16
      18
      13
      18
      17
      19
      16
      18
      17
      18
      21
      17
      24
      22
      26
      18
      18
      19
      16
      14
      16
      15
      28
      21
      22
      19
      21
      13
      11
      17
      13
      17
      16
      11
      18
      11
      19
      20
      16
      20
      17
      11
      14
      14
      10
      20
      15
      23
      29
      20
      16
      19
      14
      20
      15
      17
       8
      21
      13
      15
      14
      14
      17
      12
      10
      24
      15
      17
      17
      16
      16
      19
      20
      13
       9
      13
      11
      18
      12
      17
      19
      14
      23
      12
      15
      16
      15
      10
      10
       9
      15
      13
      14
      13
      10
      12
      19
      15
      11
      16
       8
       9
      11
      12
      14
      11
      12
      10
      13
      13
       8
       8
      14
       6
      12
      14
      13
       7
      11
      13
      13
      10
      11
       9
      14
      13
      14
       7
       9
      11
      10
       8
       6
      10
       9
       6
      10
      13
      14
      12
      13
       7
       5
       8
       7
      13
      13
       8
       8
       6
      11
       2
       4
       5
      12
      10
       4
      13
       6
       4
       5
       4
       8
       7
       7
      10
      10
      12
       6
       7
       4
       5
       4
       3
       7
       7
       3
       5
       2
       6
       9
       3
       7
       4
       7
       6
       2
       3
       5
       7
       2
       9
       8
       4
       7
       4
       5
       1
       6
       2
       2
       4
       5
       3
       1
       2
       3
       4
       2
       5
       4
       2
       4
       7
       4
       2
       2
       1
       1
       3
       4
       1
       4
       3
       1
       4
       3
       5
       2
       2
       1
       6
       0
       2
       1
       1
       3
       5
       1
       1
       0
       4
       0
       1
       3
       0
       2
       1
       0
       1
       2
       0
       0
       1
       0
       3
       1
       2
       3
       1
       3
       0
       0
       1
       3
       0
       2
       3
       0
       0
       0
       2
       0
       0
       1
       0
       1
       0
       0
       0
       1
       0
       1
       0
       0
       0
       1
       1
       0
       0
       0
       0
       0
       0
       0
       2
       0
       0
       0
       1
       0
       0
       0
       0
       0
       2
       0
       1
       2
       1
       0
       1
       0
       0
       0
       0
       0
       0
       0
       0
       0
       0
       1
       0
       0
       0
       0
       1
       0
       0
       0
       1
       1
       0
       0
       0
       0
       0
       0
       1
       0
       1
       0
       1
       0
       0
       0
       0
       0
       0
       1
       0
       0
       0
       0
       0
       0
       0
       0
       0
       0
       0
       0
       0
       0
       0
       0
       0
       0
       0
       0
       0
       0
       0
       0
       0
       0
       0
       0
       0
       0
       0
       0
       0
       0
       1
       1
       0
       0
       0
       0
       0
       0
       0
       0
       0
       0
       0
       0
       0
       0
       0
       0
       0
       0
       0
       0
       0
       0
       0
       0
       0
       0
       0
       0
       0
       0
       0
       0
       0
       0
       0
       0
       0
       0
       0
       0
       0
       0
       0
       0
       0
       0
       0
       0
       0
       0
       0
       0
       0
       0
       0
       0
       0
       0
       0
       0
       0
       0
       0
       0
       0
       0
       0
       0
       0
       0
       0
       0
       0
       0
       0
       0
       0
       0
       0
       0
       0
       0
       0
       0
       0
       0
       0
       0
       0
       0
       0
       0
       0
       0
       0
       0
       0
       0
       0
       0
       0
       0
       0
       0
       0
       0
       0
       0
       0
       0
       0
       0
       0
       0
       0
       0
       0
       0
       0
       0
       0
       0
       0
       0
       0
       0
       0
       0
       0
       0
       0
       0
       0
       0
       0
       0
       0
       0
       0
       0
       0
       0
       0
       0
       0
       0
       0
       0
       0
       0
       0
       0
       0
       0
       0
       0
       0
       0
       0
       0
       0
       0
       0
       0
       0
       0
       0
       0
       0
       0
       0
       0
       0
       0
       0
       0
       0
       0
       0
       0
       0
       0
       0
       0
       0
       0
       0
       0
       0
       0
       0
       0
       0
       0
       0
       0
       0
       0
       0
       0
       0
       0
       0
       0
       0
       0
       0
       0
       0
       0
       0
       0
       0
       0
       0
       0
       0
       0
       0
       0
       0
       0
       0
       0
       0
       0
       0
       0
       0
       0
       0
       0
       0
       0
       0
       0
       0
       0
       0
       0
       0
       0
       0
       0
       0
       0
       0
       0
       0
       0
       0
       0
       0
       0
       0
       0
       0
       0
       0
       0
       0
       0
       0
       0
       0
       0
       0
       0
       0
       0
       0
       0
       0
       0
       0
       0
       0
       0
       0
       0
       0
       0
       0
       0
       0
       0
       0
       0
       0
       0
       0
       0
       0
       0
       0
       0
       0
       0
       0
       0
       0
       0
       0
       0
       0
       0
       0
       0
       0
       0
       0
       0
       0
       0
       0
       0
       0
       0
       0
       0
       0
       0
       0
       0
       0
       0
       0
       0
       0
       0
       0
       0
       0
       0
       0
       0
       0
       0
       0
       0
       0
       0
       0
       0
       0
       0
       0
       0
       0
       0
       0
       0
       0
       0
       0
       0
       0
       0
       0
       0
       0
       0
       0
       0
       0
       0
       0
       0
       0
       0
       0
       0
       0
       0
       0
       0
       0
       0
       0
       0
       0
       0
       0
       0
       0
       0
       0
       0
       0
       0
       0
       0
       0
       0
       0
       0
       0
       0
       0
       0
       0
       0
       0
       0
       0
       0
       0
       0
       0
       0
       0
       0
       0
       0
       0
       0
       0
       0
       0
       0
       0
       0
       0
       0
       0
       0
       0
       0
       0
       0
       0
       0
       0
       0
       0
       0
       0
       0
       0
       0
       0
       0
       0
       0
       0
       0
       0
       0
       0
       0
       0
       0
       0
       0
       0
       0
       0
       0
       0
       0
       0
       0
       0
       0
       0
       0
       0
       0
       0
       0
       0
       0
       0
       0
       0
       0
       0
       0
       0
       0
       0
       0
       0
       0
       0
       0
       0
       0
       0
       0
       0
       0
       0
       0
       0
       0
       0
       0
       0
       0
       0
       0
       0
       0
       0
       0
       0
       0
       0
       0
       0
       0
       0
       0
       0
       0
       0
       0
       0
       0
       0
       0
       0
       0
       0
       0
       0
       0
       0
       0
       0
       0
       0
       0
       0
       0
       0
       0
       0
       0
       0
       0
       0
       0
       0
       0
       0
       0
       0
       0
       0
       0
       0
       0
       0
       0
       0
       0
       0
       0
       0
       0
       0
       0
       0
       0
       0
       0
       0
       0
       0
       0
       0
       0
       0
       0
       0
       0
       0
       0
       0
       0
       0
       0
       0
       0
       0
       0
       0
       0
       0
       0
       0
       0
       0
       0
       0
       0
       0
       0
       0
       0
       0
       0
       0
       0
       0
       0
       0
       0
       0
       0
       0
       0
       0
       0
       0
       0
       0
       0
       0
       0
       0
       0
       0
       0
       0
       0
       0
       0
       0
       0
       0
       0
       0
       0
       0
       0
       0
       0
       0
       0
       0
       0
       0
       0
       0
       0
       0
       0
       0
       0
       0
       0
       0
       0
       0
       0
       0
       0
       0
       0
       0
       0
       0
       0
       0
       0
       0
       0
       0
       0
       0
       0
       0
       0
       0
       0
       0
       0
       0
       0
       0
       0
       0
       0
       0
       0
       0
       0
       0
       0
       0
       0
       0
       0
       0
       0
       0
       0
       0
       0
       0
       0
       0
       0
       0
       0
       0
       0
       0
       0
       0
       0
       0
       0
       0
       0
       0
       0
       0
       0
       0
       0
       0
       0
       0
       0
       0
       0
       0
       0
       0
       0
       0
       0
       0
       0
       0
       0
       0
       0
       0
       0
       0
       0
       0
       0
       0
       0
       0
       0
       0
       0
       0
       0
       0
       0
       0
       0
       0
       0
       0
       0
       0
       0
       0
       0
       0
       0
       0
       0
       0
       0
       0
       0
       0
       0
       0
       0
       0
       0
       0
       0
       0
       0
       0
       0
       0
       0
       0
       0
       0
       0
       0
       0
       0
       0
       0
       0
       0
       0
       0
       0
       0
       0
       0
       0
       0
       0
       0
       0
       0
       0
       0
       0
       0
       0
       0
       0
       0
       0
       0
       0
       0
       0
       0
       0
       0
       0
       0
       0
       0
       0
       0
       0
       0
       0
       0
       0
       0
       0
       0
       0
       0
       0
       0
       0
       0
       0
       0
       0
       0
       0
       0
       0
       0
       0
       0
       0
       0
       0
       0
       0
       0
       0
       0
       0
       0
       0
       0
       0
       0
       0
       0
       0
       0
       0
       0
       0
       0
       0
       0
       0
       0
       0
       0
       0
       0
       0
       0
       0
       0
       0
       0
       0
       0
       0
       0
       0
       0
       0
       0
       0
       0
       0
       0
       0
       0
       0
       0
       0
       0
       0
       0
       0
       0
       0
       0
       0
       0
       0
       0
       0
       0
       0
       0
       0
       0
       0
       0
       0
       0
       0
       0
       0
       0
       0
       0
       0
       0
       0
       0
       0
       0
       0
       0
       0
       0
       0
       0
       0
       0
       0
       0
       0
       0
       0
       0
       0
       0
       0
       0
       0
       0
       0
       0
       0
       0
       0
       0
       0
       0
       0
       0
       0
       0
       0
       0
       0
       0
       0
       0
       0
       0
       0
       0
       0
       0
       0
       0
       0
       0
       0
       0
       0
       0
       0
       0
       0
       0
       0
       0
       0
       0
       0
       0
       0
       0
       0
       0
       0
       0
       0
       0
       0
       0
       0
       0
       0
       0
       0
       0
       0
       0
       0
       0
       0
       0
       0
       0
       0
       0
       0
       0
       0
       0
       0
       0
       0
       0
       0
       0
       0
       0
       0
       0
       0
       0
       0
       0
       0
       0
       0
       0
       0
       0
       0
       0
       0
       0
       0
       0
       0
       0
       0
       0
       0
       0
       0
       0
       0
       0
       0
       0
       0
       0
       0
$ROI:
1
49 1635
$PRESETS:
None
0
0
$ENER_FIT:
0.000000 3.492040
$MCA_CAL:
3
0.000000E+000 3.492040E+000 0.000000E+000 keV
$SHAPE_CAL:
3
1.303160E+002 0.000000E+000 0.000000E+000
