$SPEC_ID:
No sample description was entered.
$SPEC_REM:
DET# 2
DETDESC# JLAB-18 MCB 131
AP# Maestro Version 7.01
$DATE_MEA:
12/08/2022 16:46:24
$MEAS_TIM:
668 671
$DATA:
0 2047
       0
       0
       0
       0
       0
       0
       0
       0
       0
       0
       0
       0
       0
       0
       0
       0
       0
       0
       0
       0
       0
       0
       0
       0
       0
       0
       0
       0
       0
       0
       0
       0
       0
       0
       0
       0
       0
       0
       0
       0
       0
       0
       0
       0
       0
       0
       0
       0
       0
       0
       0
       0
       0
       0
       0
       0
       0
       0
       0
       0
       0
       0
       0
       0
       0
       0
       0
       0
       0
       0
       0
       0
       0
       0
       0
       0
       0
       0
       0
       0
       0
       0
       0
       0
       0
       0
       0
       0
       0
       0
       0
       0
       0
       0
       0
       0
       0
       0
       0
       0
       0
       0
       0
       0
       0
       0
       0
       0
       1
       0
       2
       2
       1
       3
       1
       1
       1
       2
       1
       2
       6
       3
       0
       2
       2
       2
       1
       0
       3
       2
       5
       0
       2
       3
       1
       6
       3
       4
       3
       2
       3
       2
       1
       3
       2
       2
       4
       4
       3
       2
       2
       0
       1
       3
       1
       3
       2
       1
       6
       2
       4
       2
       4
       2
       1
       2
       3
       0
       0
       4
       2
       6
       4
       2
       4
       0
       2
       3
       4
       3
       3
       3
       6
       4
       1
       2
       1
       2
       4
       4
       1
       2
       3
       2
       0
       0
       1
       3
       3
       1
       3
       6
       7
       2
       2
       3
       6
       5
       3
       4
       2
       0
       5
       4
       3
       2
       3
       7
       0
       1
       5
       3
       1
       9
       3
       3
       5
       3
       3
       1
       3
       7
       2
       5
       7
       3
       6
       5
       0
       3
       6
       4
       4
       5
       2
       4
       8
       3
       3
       6
       7
       1
       8
       5
       5
       3
       3
       7
       5
       6
       2
       5
       3
       2
       3
       9
       6
       5
       4
       5
       6
       4
       8
       6
       6
       6
       6
       4
       4
       7
       7
       5
       3
       3
       4
       7
       9
       6
       4
       2
       4
       6
       2
       4
      10
       6
       5
       7
      10
       7
       5
       4
      10
       8
       6
       8
       3
       9
       9
       4
       7
      10
       7
       3
      12
       5
      11
       7
       7
       7
       9
       5
       6
       6
       7
      10
      11
       2
       8
       9
      12
      13
      13
      12
       4
       5
      10
       8
       9
       7
       7
       9
       9
      13
       7
      10
      17
      11
       8
       8
      11
       7
      11
       9
       3
       7
      10
      11
      12
      10
      11
      10
      11
      11
       9
       7
      16
      11
      10
      12
       6
      10
       9
       8
      15
       5
      12
       8
      12
       8
      10
      14
       5
       9
       8
       7
      12
      10
      12
       7
      11
       8
       5
      19
      15
      11
      11
      13
      15
      12
       9
       4
      13
      12
      14
      16
      11
      14
       9
      16
      18
       9
      14
       8
      12
      14
      16
      14
       7
      13
      18
      14
      23
      17
      14
      15
      15
      19
      23
      19
      17
      16
       9
      13
      19
      14
       6
      16
      13
      13
      18
      14
      10
      20
      22
      17
      10
      15
      21
      21
      17
      14
      20
      18
      17
      11
      17
      13
      14
      19
      17
      12
      21
      26
      23
      11
      20
      14
      15
      15
      16
      21
      21
      18
      17
      17
      25
      25
      13
      25
      22
      24
      22
      12
      16
      28
      16
      17
      23
      14
      18
      21
      21
      18
      25
      20
      22
      21
      22
      17
      20
      24
      24
      24
      20
      24
      19
      18
      20
      11
      11
      23
      15
      18
      13
      15
      19
      17
      20
      22
      21
      19
      23
      24
      17
      21
      21
      23
      20
      25
      22
      21
      25
      26
      17
      15
      22
      18
      14
      17
      20
      24
      15
      20
      14
      16
      17
      18
      19
      16
      19
      20
      34
      19
      18
      18
      23
      12
      25
      24
      24
      18
      19
      21
      17
      26
      23
      18
      22
      18
      20
      17
      20
      16
      25
      23
      17
      19
      23
      20
      25
      16
      14
      18
      15
      22
      23
      14
      14
      23
      28
      14
      17
      12
      17
      18
      18
      18
      18
      18
      23
      23
      15
      23
      15
      17
      21
      20
      18
      23
      11
      24
      16
      16
      18
      18
      15
      21
      22
      22
      20
      18
      21
      14
      11
      16
      19
      22
      13
      14
      15
      17
      10
      12
      11
      15
      13
      15
      22
      13
      15
       8
      15
      14
      14
      13
      14
      13
       9
      10
      17
      14
      17
      14
      15
      20
      14
      15
      13
      16
      17
       9
      10
      13
      17
      16
      21
      15
       8
      12
       9
      12
       9
      16
      10
      12
       8
       8
      11
      15
      12
       7
       5
       9
      17
       8
      10
      15
       9
      11
      13
       8
      12
       5
      11
       8
      13
       6
      14
       8
       9
      12
       8
      11
       3
       9
       7
      10
       8
      10
      10
      12
       5
      10
       8
       3
       5
       6
       8
       6
      10
      11
       5
       6
       7
       7
       5
       6
       8
       9
       9
       8
       6
       4
      10
       9
       2
       6
       9
       5
       7
       6
       5
       6
       7
       2
       7
      10
       5
       0
       5
       3
       3
       5
       5
       3
       4
       2
       3
       2
       1
       2
       3
       2
       2
       1
       3
       4
       4
       3
       3
       3
       6
       3
       2
       1
       3
       2
       2
       3
       1
       3
       1
       2
       1
       3
       1
       1
       1
       0
       2
       3
       2
       0
       4
       1
       2
       1
       1
       1
       1
       2
       0
       4
       0
       2
       1
       2
       2
       3
       3
       1
       0
       1
       1
       1
       0
       2
       0
       1
       1
       1
       2
       3
       0
       1
       1
       1
       0
       2
       1
       0
       1
       1
       0
       0
       0
       0
       0
       0
       2
       0
       1
       0
       0
       0
       0
       0
       1
       0
       1
       0
       0
       1
       1
       1
       1
       0
       0
       0
       0
       0
       0
       0
       0
       0
       0
       0
       0
       0
       0
       0
       0
       0
       1
       0
       1
       0
       0
       0
       0
       0
       0
       0
       0
       1
       0
       0
       0
       0
       0
       0
       0
       0
       0
       0
       0
       0
       0
       0
       0
       0
       0
       0
       0
       0
       0
       0
       0
       1
       0
       0
       0
       0
       0
       0
       0
       0
       0
       0
       0
       0
       0
       0
       0
       0
       0
       0
       0
       1
       0
       0
       0
       0
       0
       0
       0
       0
       0
       0
       0
       0
       0
       0
       0
       0
       0
       0
       0
       0
       0
       0
       0
       0
       0
       0
       0
       0
       0
       0
       0
       0
       1
       0
       0
       0
       0
       0
       0
       0
       0
       0
       0
       0
       0
       0
       0
       0
       0
       0
       0
       0
       0
       0
       0
       0
       0
       0
       0
       0
       0
       0
       0
       0
       0
       0
       0
       0
       0
       0
       0
       0
       0
       0
       0
       0
       0
       0
       0
       0
       0
       0
       0
       0
       0
       0
       0
       0
       0
       0
       0
       0
       0
       0
       0
       0
       0
       0
       0
       0
       0
       0
       0
       0
       0
       0
       0
       0
       0
       0
       0
       0
       0
       0
       0
       0
       0
       0
       0
       0
       0
       0
       0
       0
       0
       0
       0
       0
       1
       0
       0
       0
       0
       0
       0
       0
       0
       0
       0
       0
       0
       0
       0
       0
       0
       0
       0
       1
       0
       0
       0
       0
       0
       0
       0
       0
       0
       0
       0
       0
       0
       0
       0
       0
       0
       0
       0
       0
       0
       0
       0
       0
       0
       0
       0
       0
       0
       0
       0
       0
       0
       0
       0
       0
       0
       0
       0
       0
       0
       0
       0
       0
       0
       0
       0
       0
       0
       0
       0
       0
       0
       0
       0
       0
       0
       0
       0
       0
       0
       0
       0
       0
       0
       0
       0
       0
       0
       1
       0
       0
       0
       0
       0
       0
       0
       0
       0
       0
       0
       0
       0
       0
       0
       0
       0
       0
       0
       0
       0
       0
       0
       0
       0
       0
       0
       0
       0
       0
       0
       0
       0
       0
       0
       0
       0
       0
       0
       0
       0
       0
       0
       0
       0
       0
       0
       0
       0
       0
       0
       0
       0
       0
       0
       0
       0
       0
       0
       0
       0
       0
       0
       0
       0
       0
       0
       0
       0
       0
       0
       0
       0
       0
       0
       0
       0
       0
       0
       0
       0
       0
       0
       0
       0
       0
       0
       0
       0
       0
       0
       0
       0
       0
       0
       0
       0
       0
       0
       0
       0
       0
       0
       0
       0
       0
       0
       0
       0
       0
       0
       0
       0
       0
       0
       0
       0
       0
       0
       0
       0
       0
       0
       0
       0
       0
       0
       0
       0
       0
       0
       0
       0
       0
       0
       0
       0
       0
       0
       0
       0
       0
       0
       0
       0
       0
       0
       0
       0
       0
       0
       0
       0
       0
       0
       0
       0
       0
       0
       0
       0
       0
       0
       0
       0
       0
       0
       0
       0
       0
       0
       0
       0
       0
       0
       0
       0
       0
       0
       0
       0
       0
       0
       0
       0
       0
       0
       0
       0
       0
       0
       0
       0
       0
       0
       0
       0
       0
       0
       0
       0
       0
       0
       0
       0
       0
       0
       0
       0
       0
       0
       0
       0
       0
       0
       0
       0
       0
       0
       0
       0
       0
       0
       0
       0
       0
       0
       0
       0
       0
       0
       0
       0
       0
       0
       0
       0
       0
       0
       0
       0
       0
       0
       0
       0
       0
       0
       0
       0
       0
       0
       0
       0
       0
       0
       0
       0
       0
       0
       0
       0
       0
       0
       0
       0
       0
       0
       0
       0
       0
       0
       0
       0
       0
       0
       0
       0
       0
       0
       0
       0
       0
       0
       0
       0
       0
       0
       0
       0
       0
       0
       0
       0
       0
       0
       0
       0
       0
       0
       0
       0
       0
       0
       0
       0
       0
       0
       0
       0
       0
       0
       0
       0
       0
       0
       0
       0
       0
       0
       0
       0
       0
       0
       0
       0
       0
       0
       0
       0
       0
       0
       0
       0
       0
       0
       0
       0
       0
       0
       0
       0
       0
       0
       0
       0
       0
       0
       0
       0
       0
       0
       0
       0
       0
       0
       0
       0
       0
       0
       0
       0
       0
       0
       0
       0
       0
       0
       0
       0
       0
       0
       0
       0
       0
       0
       0
       0
       0
       0
       0
       0
       0
       0
       0
       0
       0
       0
       0
       0
       0
       0
       0
       0
       0
       0
       0
       0
       0
       0
       0
       0
       0
       0
       0
       0
       0
       0
       0
       0
       0
       0
       0
       0
       0
       0
       0
       0
       0
       0
       0
       0
       0
       0
       0
       0
       0
       0
       0
       0
       0
       0
       0
       0
       0
       0
       0
       0
       0
       0
       0
       0
       0
       0
       0
       0
       0
       0
       0
       0
       0
       0
       0
       0
       0
       0
       0
       0
       0
       0
       0
       0
       0
       0
       0
       0
       0
       0
       0
       0
       0
       0
       0
       0
       0
       0
       0
       0
       0
       0
       0
       0
       0
       0
       0
       0
       0
       0
       0
       0
       0
       0
       0
       0
       0
       0
       0
       0
       0
       0
       0
       0
       0
       0
       0
       0
       0
       0
       0
       0
       0
       0
       0
       0
       0
       0
       0
       0
       0
       0
       0
       0
       0
       0
       0
       0
       0
       0
       0
       0
       0
       0
       0
       0
       0
       0
       0
       0
       0
       0
       0
       0
       0
       0
       0
       0
       0
       0
       0
       0
       0
       0
       0
       0
       0
       0
       0
       0
       0
       0
       0
       0
       0
       0
       0
       0
       0
       0
       0
       0
       0
       0
       0
       0
       0
       0
       0
       0
       0
       0
       0
       0
       0
       0
       0
       0
       0
       0
       0
       0
       0
       0
       0
       0
       0
       0
       0
       0
       0
       0
       0
       0
       0
       0
       0
       0
       0
       0
       0
       0
       0
       0
       0
       0
       0
       0
       0
       0
       0
       0
       0
       0
       0
       0
       0
       0
       0
       0
       0
       0
       0
       0
       0
       0
       0
       0
       0
       0
       0
       0
       0
       0
       0
       0
       0
       0
       0
       0
       0
       0
       0
       0
       0
       0
       0
       0
       0
       0
       0
       0
       0
       0
       0
       0
       0
       0
       0
       0
       0
       0
       0
       0
       0
       0
       0
       0
       0
       0
       0
       0
       0
       0
       0
       0
       0
       0
       0
       0
       0
       0
       0
       0
       0
       0
       0
       0
       0
       0
       0
       0
       0
       0
       0
       0
       0
       0
       0
       0
       0
       0
       0
       0
       0
       0
       0
       0
       0
       0
       0
       0
       0
       0
       0
       0
       0
       0
       0
       0
       0
       0
       0
       0
       0
       0
       0
       0
       0
       0
       0
       0
       0
       0
       0
       0
       0
       0
       0
       0
       0
       0
       0
       0
       0
       0
       0
       0
       0
       0
       0
       0
       0
       0
       0
       0
       0
       0
       0
       0
       0
       0
       0
       0
       0
       0
       0
       0
       0
       0
       0
       0
       0
       0
       0
       0
       0
       0
       0
       0
       0
       0
       0
       0
       0
       0
       0
       0
       0
       0
       0
       0
       0
       0
       0
       0
       0
       0
       0
       0
       0
       0
       0
       0
       0
       0
       0
       0
       0
       0
       0
       0
       0
       0
       0
       0
       0
       0
       0
       0
       0
       0
       0
       0
       0
       0
       0
       0
       0
       0
       0
       0
       0
       0
       0
       0
       0
       0
       0
       0
       0
       0
       0
       0
       0
       0
       0
       0
       0
       0
       0
       0
       0
       0
       0
       0
       0
       0
       0
       0
       0
       0
       0
       0
       0
       0
       0
       0
       0
       0
       0
       0
       0
       0
       0
       0
       0
       0
       0
       0
       0
       0
       0
       0
       0
       0
       0
       0
       0
       0
       0
       0
       0
$ROI:
1
49 1635
$PRESETS:
None
0
0
$ENER_FIT:
0.000000 3.492040
$MCA_CAL:
3
0.000000E+000 3.492040E+000 0.000000E+000 keV
$SHAPE_CAL:
3
1.303160E+002 0.000000E+000 0.000000E+000
